1.01503
0
0.352061
0
0.837706
0
0.726073
0
0.827561
0
0.924979
0.870351
0.742961
0.7418
0.522682
0.684875
0
0
0.707875
0
0.0743155
0.366714
0.737451
1.68984
1.20599
1.40973
0.491015
0.417805
0.971913
0.974737
0.909481
0.916033
1.31422
1.52536
0
0
0.445849
0
0.905096
0
0.467859
0.415404
1.14235
0
1.73176
0
0.282596
0.338141
0
0.0587673
0
0
0
0.979625
0
0
0
0.0109626
0.28386
0.0103147
0.655705
0.472787
0.72035
0.474083
0
0
0.0166817
0
0.26235
0
0.759471
0.38821
0
0
0
0
1.06745
0.463061
0
0.531258
0.072417
0.26923
0
0.537804
0.698167
1.319
0
0.125605
0.103922
0.327217
0
0
1.04583
1.52538
0
0
0.874776
0.229033
0
0.236377
1.67812
0
0
0.45262
0
1.05099
0.113633
0
0
0
0
0.201573
0.580484
0.171261
0
0
0
1.22222
0
0.126073
0.206275
0
0
0.111114
0
0.34533
0
0.360716
0
1.00441
0
0.154077
1.25372
0.112153
1.15407
0.566208
0.401582
0
0.811036
0.44135
0
1.37591
0
0.0286678
0
0.296907
1.63131
1.22292
0
0
0
0
0.447188
0
0.543835
0
0.622435
0
0
0.742714
0
0
0
0.385894
0
0
0.0888937
0
0.00169185
0
0.607606
0.0880214
0.667784
0.0833028
0
1.05465
0
0.336256
0.356951
0.558136
1.37059
0
0
0.34663
0.0942821
0.379303
0
0
0.336653
0.794976
0.710118
0.759521
0.315635
0.686743
0.604046
1.53137
0
1.33303
0
0.954258
0
0
0
0.461085
0.570942
0.169708
0
0.85732
0.539764
0.198017
0
0.530655
0
1.03469
0
0.563922
0.497449
0.698005
0.102793
0
1.48478
0.202603
0.219009
0.664315
0.615654
0.112383
1.03724
0.0271543
0
0.016453
0
1.47819
0.0965559
0.0103865
0.417565
0.279859
0.288079
0.277957
0.496107
0
0
1.13375
0
0.217337
0
0.0191584
0
0.873196
0.956639
0
1.06549
0.789529
0.239185
0
0.366157
1.42918
0.296174
1.68187
0
1.53495
0
0
0.544623
0
0.276148
0.479572
0
0.406309
1.06275
0
0.422074
1.21638
0.174683
0
0.702475
0.797165
0.698981
0.0781599
1.70277
0
0.22885
0.455561
0.0660856
0
0
0.696662
0
1.06382
0
0
0.462204
0
0
0
0.830498
0
1.00804
1.22228
0.300359
1.34669
1.62233
0.235074
0.517329
0.10982
0.287016
0.187349
0
1.40879
0
0.990084
0.441003
1.34603
0
1.47692
0.296176
0
1.39732
0
0.159093
0.123382
0
0.302771
0
0.37371
0.502858
0.658616
0
1.1112
1.14775
1.18063
0
0.757174
0
0
0.514288
0.101352
0.361361
0
0.535878
0.0464619
0.0663937
0.328912
0.951764
0.821803
0.0480809
0
0.0112907
1.18628
1.72915
0.107324
0.647025
0.542141
0
0.797109
0
0
0
0.333596
0.423553
0
0.0478609
0.523437
0.541315
0
0.567546
0.823592
0.0645613
0
0
0
0
1.17492
0.814248
0.425313
0.71124
0.669282
0.590093
1.09136
0.365087
0.0242446
0.0772431
0.309718
0.928083
0.805972
0
0.156888
0.135815
0.0394068
0.370436
0.392986
0
0.237523
1.12988
0.943568
0
0.62991
0.275073
0
0.317433
1.20144
0.270955
0
0.28868
0.840764
1.76538
0.0940401
1.26607
0.191722
0.411615
0
0.375547
0.603342
0
0.62126
0
0
1.00531
0
0.832659
0.302652
0.029092
1.07
0
0.558534
0
0.402232
0
0
1.29154
0
0
0
0
0.953898
0.490306
0.429816
0.795679
0
1.55094
1.41309
0
0.440682
0.666285
0
0
0
0
0.610707
0.982781
0
2.19781
0.88891
1.1278
0
0
0.7833
0
0.923535
1.33562
1.08107
0.247309
0.505056
0.573973
0
0.860823
0.239082
0.0712462
0
1.70103
0
0.836616
0
0.367928
1.37404
0
0.376122
0
1.71321
0
0
1.10995
0.334585
0.377985
0.0497098
0
0
0.0231417
0.831732
1.36883
1.12601
0
0
0.602033
0.773383
1.23225
0
0.0455107
0
1.20114
0
0.926996
0.228622
1.04535
0.59102
0
0
0.781759
0.0457184
0
0
0
0
0.427948
1.01524
0
0.277192
0.629321
0.39777
0
0
0.624613
0.296704
0
0.477128
2.05591
0
0.085422
0
0.37941
0.146241
0
1.58113
0.524607
0.726436
0
0
0.22047
0.32145
0
0.0766283
0.0294686
0.627722
0.203366
0.714542
0
0
0
0
0.478162
1.52863
1.05633
0.764223
0
0.0370821
0.854906
0.545641
0.36525
0
0
0
1.08646
0
1.1611
0.42279
0
0
1.86466
0
0.79452
0.432726
0
0.818109
1.12851
0.417173
0
0.100868
0
1.05367
0
0
0.317738
0.653034
2.75737
0
0.141144
0
0
0
0
0
0
0.287495
0.325886
0.177123
0.123842
0
0.837547
0.772786
0
0
0.315706
0.481021
0.740276
0
0.260959
0
0.238374
0.107329
0
0
0.34153
0
0.276621
0
0.653591
0.869251
1.12782
0
0.13972
1.28815
0.295208
1.32882
0.664766
0
0
0.393458
0.910526
0.409055
0
0.556214
0.27138
0.334238
0.996687
1.12798
0.789911
0.0501116
0.625673
1.75681
0
0.0282707
0.91389
0.282079
0
0
0
0.107864
0.552984
0.752731
0.374018
1.36619
0
0
0.339596
0.411403
0.313623
0
0.332446
0
0.323345
0
0
1.13539
0
0.0525052
0
0.140889
0
0
0.00576636
0.0307551
0.204467
0.26002
0.169024
0.961504
0
0
0.700218
0.443578
0
0.0370881
0
0.237586
0
1.02049
0
0
0.313481
0
0.686318
0
0.144518
0.69262
0
1.20803
0.660487
0.254433
0.507494
0.689454
0.510914
0.184915
0
0
0
0.866317
0.240669
0.197283
0.316035
0.159276
0.352212
0.925368
0.256981
0
1.13262
0.944631
0.409421
0
0.599968
0.197423
0
0.419453
0
0
0
0
0
0.324574
0.982118
1.16987
0.808473
0.972697
0.732624
0.979537
0
1.17865
0
0.479297
0
0.0503035
0.291263
0.668642
0.0536408
0
1.11446
0.426001
0
0
0
0
0.160975
0
0
0
0.340637
0
0
0.0758049
0
0.622578
0
0.958237
1.33617
0.949687
0
0.133549
1.44427
0
0.0186864
1.0163
0.696563
0.323825
0
0.198965
0.0883345
0.378463
1.60834
0
0.710761
0.104773
0
0
0.828337
1.51814
0.544819
0.187431
0
0.488679
0
0.569229
0.631044
1.17868
0
0
0
0.211757
0.252079
0.45362
0.506046
0.28107
0.183695
1.1354
0.710987
0
0.772877
0.659242
0.58118
0
0
0.155998
0.929291
0.840507
0
0.0880564
0
0
0
0.879388
0
0.934777
0.331561
0.830989
0
0
0.641705
0.698798
0
0
0
0
0.00100178
0.582796
0.0266586
1.11072
1.91771
1.00351
0
0.770114
0
0.0833614
0.0968078
0
0.677204
0
0.170689
0
0
0.685454
0.693478
0
0
0.541535
0
0
0
1.10416
1.073
0
0
0.864603
0.429789
0.598978
1.15621
0
0
0
0.719759
0
0.425562
0.473144
0
0.305999
1.92511
1.09951
1.28454
0.505685
1.0854
0.57842
0.340624
0.566804
0.192335
0
0.0197442
0.227329
0
0.779762
0.143197
0
0
0.380072
1.29706
0
0
0
1.07823
0.378457
0.055791
0.670264
0.77207
0
0.391672
0.359916
0
0
0.339265
1.42533
0.160109
0
0.809375
0
0.845464
0
0.837828
0.122407
0.0146794
0.388882
0.26143
0.360602
0.0934659
0.983022
1.41462
0.968143
0.735483
1.21428
0
0
0.375682
0.443103
0.639265
0.111111
0
0.651844
0
0.108656
0.947108
0
0
0.357307
0.76687
0.956433
0.0993964
0
0.72108
0.108045
0
0
0
0.641594
0.304229
0.658514
0.401365
0.995163
0.33877
0.306625
0
0.220903
0.426055
0
1.61603
0.670749
0
0
0.51208
0.000672888
0.407629
0
0
0
0.160373
0.630793
0
0.282145
0.227619
0.507647
0.542606
0.949145
0.726666
0
0
0.546135
0.219323
0
0.905322
0.185948
0
0.307989
0
0.492907
0.820697
0
0
0
0
0
0.575594
0
0.732534
0
0
0
0.0918915
0.228669
0
0.050093
0
0
0.5978
0
0.136962
1.1855
0
0.632449
1.43811
0.612001
0.267696
1.37786
1.58112
0.231233
0.776625
0
0.232128
0.106124
0
0.363025
0.756358
0
