-0.63839
-1.78995
-0.725995
0.208173
-2.84812
0.844166
0.491711
-1.33432
-1.34696
-0.293098
-0.603385
-0.987477
-1.031
0.347344
-3.12073
0.621764
-0.985844
-1.056
0.725653
-1.09032
0.339212
-0.19507
-0.917759
-1.61441
-0.455507
0.742822
2.02029
0.325251
-0.450324
0.299438
-1.13451
-3.0887
-3.6933
0.918982
-1.62529
-0.52813
-1.35811
-1.51632
-2.47435
1.31748
-2.45366
-0.306688
-0.0448465
-1.28993
2.13596
-1.53382
0.125857
-2.29513
0.247841
-1.82864
0.0599731
-0.439113
-2.4471
0.138877
1.18651
2.50776
-1.94031
-1.51908
-1.26511
-1.15006
-0.780205
0.743077
-0.384018
0.340886
-1.26171
-1.3854
-1.1972
0.997178
1.97806
0.303901
-2.13469
-0.372305
-1.4563
0.16687
-0.619819
-1.61943
-2.40118
-0.561884
-2.26579
-2.07665
-1.00843
0.63048
-1.5243
-0.831392
1.8396
-1.97881
-0.755493
1.08249
-0.312109
-1.6632
-0.881476
0.260798
-0.449222
-1.52018
-0.477625
1.94976
-0.686713
0.327543
-0.340353
1.82826
-0.597469
1.16273
-2.45532
-2.13378
0.398984
-0.119219
-1.58495
-0.262839
-2.29753
0.114199
-0.00824218
1.50693
-2.08886
-2.10637
0.353661
-1.22547
-2.20466
-2.10862
-1.44074
-1.36492
-0.680669
-2.0888
-1.92534
0.172052
-0.473835
-0.280611
-1.53182
0.165612
-1.91709
0.951927
-1.31164
3.06894
-0.915832
2.74556
-0.405317
0.0284696
-0.224297
-1.45375
0.664601
-0.969242
0.909373
-0.0212565
-0.863757
0.0229986
0.281246
0.281033
-0.908491
-0.594233
1.26496
1.90245
-0.904141
-2.01232
-1.07207
1.3181
-0.383176
1.05059
-1.14673
1.09427
0.213318
-0.0427159
3.61265
0.654516
0.197469
-3.33332
0.0131777
0.224908
2.50809
-0.944699
3.22549
-0.0285691
-1.15862
0.25185
0.812742
1.09087
0.955401
-1.11854
-0.851026
-2.16127
-0.33137
-0.122976
0.0233175
-0.254684
-0.284626
-1.57748
-0.0411864
-1.53093
0.852964
1.00383
-0.890491
-2.61506
0.656999
-1.59308
1.94367
1.50315
-0.843478
-1.24684
-2.23552
0.989762
-0.0444055
-0.821371
-1.5558
-2.94159
-1.18272
-1.5643
-0.73419
-1.19171
-1.14214
-0.0221765
-3.75923
-1.49296
-2.41619
-2.01302
-0.894668
0.604999
-1.59272
0.712866
1.34981
2.20166
1.03624
-0.906097
0.736078
1.47298
-0.839227
-0.971637
-1.91628
0.0739362
-0.868264
-1.91007
-0.208566
-1.66091
0.43514
-0.136857
-0.383937
1.10229
-0.813658
-2.48369
0.12433
-1.24492
0.762652
-0.902009
-0.265691
0.675357
-0.045065
0.257498
-0.232603
-1.02852
-1.39322
1.76581
-1.53741
-2.56589
-0.319328
1.20794
1.65806
0.0675845
-1.59752
-0.24528
-0.39291
1.71468
0.299364
0.554924
-4.10543
1.054
0.078043
-2.491
-0.30775
2.16501
2.83807
-2.61178
-1.69747
-1.66229
-0.976609
0.502805
0.665097
-1.00724
-0.00840832
-0.30342
-0.155671
-0.566035
0.686757
0.746331
1.00354
-0.156164
0.476086
0.294754
-0.094107
0.65885
0.00853713
0.151576
-1.04528
-1.02134
-1.03711
-1.21533
-0.555896
-0.081576
-0.179018
0.761607
-0.798105
-0.965918
-2.21553
-1.52265
-3.41051
-2.44813
-1.76288
0.367607
-2.04238
-0.393614
-0.814799
-1.83394
1.92918
-1.79178
0.0863851
2.33589
0.0211258
2.94247
0.0951922
-1.70862
1.23008
-0.937944
1.76242
-1.5234
-1.19529
-0.887607
0.900788
0.825125
-0.176599
2.78269
1.28909
0.497601
-0.978577
-0.52529
0.187227
0.0574544
-1.67158
-0.955137
0.953869
-0.842313
0.105881
-0.744112
-0.0953173
0.683398
1.8083
0.761222
1.23555
-1.02238
0.151213
1.46011
-0.174463
-1.73956
-0.342484
-0.901875
-0.125901
1.30071
-1.0023
-0.430959
-1.26261
1.31436
1.96039
1.01489
-0.999385
-2.67983
0.940735
-0.70104
-0.281784
-0.323109
-0.581293
0.34743
-2.90365
-0.554217
-0.0362971
1.6979
-1.63251
-1.10347
-1.24564
0.597905
-0.00353829
0.437791
-2.48833
0.78251
0.476383
0.245724
-0.693292
0.240611
-2.8266
-0.634
1.36826
-1.00813
0.264197
1.02774
1.15768
-0.231768
2.01729
-2.9446
-4.31173
0.133574
0.000491278
1.161
0.793741
-0.924904
-0.39199
0.157575
-2.13759
-0.748536
-0.529925
0.380684
1.21233
-0.311516
0.736999
-0.0362778
-0.0812623
-1.38403
-1.20069
1.5331
-1.46465
-0.918429
0.923023
-0.756654
1.17743
0.500015
-0.486302
-1.68957
0.398541
0.0914732
-1.20857
0.331386
-0.316979
-1.74999
-1.71268
-0.773406
-1.25029
-1.48409
-0.5122
2.12012
-1.48427
-0.150099
-0.410378
0.246957
-1.27365
-1.18744
-0.771952
1.17532
-1.26207
-1.0568
0.225142
0.613514
0.228623
-0.812706
-0.613712
-0.763055
-1.18595
-1.97616
0.161824
-2.6675
0.141726
-0.39975
-1.33137
-1.65575
-0.771022
-1.07369
2.06398
-3.32934
-3.48992
0.0303262
-1.17441
-0.793005
-0.919254
1.81937
-1.8327
-0.688867
-1.5172
-1.5233
2.8174
-2.80175
-2.58999
0.157978
-2.03697
0.790805
0.329056
2.04146
-1.31815
-1.81519
0.258727
-1.33295
0.34738
-2.34171
-3.42637
0.414509
0.841502
-1.5086
-0.317628
1.51057
-1.34404
2.55742
-3.42112
0.978386
-2.75313
0.413893
0.100164
0.426578
0.798249
-0.161781
-0.822328
-0.83756
-2.90572
-0.251591
0.65348
-1.35052
-0.00941873
0.733778
1.79677
-0.918151
-1.19616
-2.24075
-0.716131
0.0953477
-0.401048
-0.856555
-0.374185
0.159472
1.44802
4.27028
2.32521
-0.934777
2.23204
-1.46981
-0.416065
-2.03247
-0.602336
-0.270186
-0.846267
1.1339
-2.35516
-2.28191
2.25103
-0.951941
2.81823
1.41788
-2.48912
-0.104867
-0.0867116
-1.82627
-1.4475
-1.21571
0.578538
-0.208742
-2.14618
-0.486916
-1.19977
-0.195673
-1.66717
-0.169836
-0.0757752
-1.01036
-1.26765
-1.31796
-0.286051
-0.809959
1.70932
3.56845
2.30493
1.91272
-1.01483
-1.20897
-1.56175
-1.14154
-2.98338
-1.26701
-1.01541
2.11176
-0.472106
1.56061
-1.33267
0.533538
-0.0717099
-0.894885
-0.177983
0.456232
-0.443099
-1.6465
-0.475001
-0.16934
0.0743481
0.300688
-1.99731
-0.482441
-2.02054
-1.83836
0.61758
-1.10507
-0.813796
-0.977332
-0.305517
-1.10246
1.4191
-1.05414
1.2402
-0.220874
2.82621
-2.16992
1.00956
2.46186
2.16
0.671219
0.309817
0.650426
1.18028
0.112478
-2.43726
-0.23839
-0.9746
-0.0937609
1.49913
-0.955386
1.83606
-1.0115
-0.534335
-0.835825
-0.268438
-1.13168
1.63722
1.28287
1.53804
-0.388118
2.52781
2.07429
-2.66146
-0.00773134
-0.521202
-1.72876
-0.450232
1.36487
1.09546
-0.274269
-1.61606
-2.50516
0.311583
-0.390957
-1.70481
-0.874446
1.77578
-1.8124
-2.36306
-0.115378
0.790625
-2.12559
-0.172552
0.764763
-0.749843
1.34663
-0.7608
0.4108
-1.1958
-0.707608
-0.895289
-2.04348
-0.106323
-0.528731
-3.91036
-1.16443
0.724251
2.19017
-0.959844
-0.194651
-0.380274
0.178718
0.571325
-0.216701
1.97716
-0.541051
0.677753
-0.956889
0.343578
-0.434223
0.212163
-0.181853
0.0300743
0.0302077
0.871611
1.93875
-1.39017
-1.69658
-1.95228
1.91517
0.689527
1.38806
-1.18401
0.615576
0.798578
0.316709
-0.673652
3.39933
-1.74388
-2.57739
-1.71374
-1.36372
-1.43926
-0.233068
0.873238
1.68832
-1.32527
0.393453
-1.30624
0.485357
-0.510165
0.26436
-0.189791
1.08974
-0.690944
0.47262
-0.692661
-0.868054
0.35366
0.34189
0.591172
-2.27039
2.59748
-2.07066
-0.338675
1.07013
-1.80068
-0.413823
0.219739
-1.71364
-3.2327
-1.20637
-0.044124
0.464359
-0.734928
0.381547
1.43978
1.43442
-1.98007
1.38771
-0.63234
0.227053
-0.884114
1.02345
0.0845186
-1.62583
1.15701
-1.17207
-0.443545
1.25695
-2.10078
-0.2747
-3.16656
-1.35443
-0.475274
-0.213269
-1.00057
0.588542
-1.15242
1.91523
-3.57477
-0.387082
-2.74354
-0.317371
-0.89935
2.64766
-3.27482
-1.40978
-0.866861
-1.21389
-1.05342
0.420907
-1.89295
-1.6825
-2.04286
-3.13403
2.2453
0.243177
0.432038
-1.37929
-0.415654
-1.62623
-0.472964
0.201812
-0.796212
2.41735
0.608571
-2.31003
-0.38279
-1.17383
-1.27438
1.07059
-2.48229
-0.179788
-0.138648
-1.81006
-0.404986
-0.285791
-1.62629
-0.558048
-2.57729
0.972466
-0.711414
-0.0269164
-2.18871
-0.416663
-0.531138
-0.2823
0.357758
-1.85609
2.91973
-0.448614
-1.07628
-0.572995
-2.44515
-3.08275
-2.51869
-1.7714
0.175476
0.00312403
-2.53588
-1.62235
-0.12516
-3.63169
1.90028
0.317773
-1.93131
0.982188
1.07993
-1.09134
-1.31341
-1.02571
1.74974
-3.7094
-0.551534
-1.63298
0.0143031
-0.234342
-0.416389
-0.428515
-1.23286
-0.673696
2.26941
1.39659
-1.72867
-0.938074
-1.2767
2.63282
0.63718
0.554312
0.885324
-1.5445
0.343787
3.18971
-0.0377521
-0.174787
-1.49287
-1.65807
-0.530511
-1.19086
-1.46648
-0.158492
-0.112205
-2.00058
-0.105979
-0.660092
-1.0345
0.294397
0.753382
0.214328
-0.822707
-1.48739
0.0496106
2.58865
-0.735275
1.23423
-0.783671
-2.08161
0.787119
-4.01747
-0.595803
1.16852
-2.08426
1.1436
0.0552825
-1.4606
-1.08922
0.71983
-1.14975
2.06846
2.56686
1.04769
1.47662
0.736556
-0.00795611
0.262782
-1.3623
-1.10086
0.841489
0.327545
0.484251
-0.486398
0.529993
-0.526369
1.07983
-0.245374
-4.2108
0.956532
-0.255175
1.33606
-0.918752
-1.44827
-0.210028
1.94118
-0.262547
-0.960693
-0.912635
1.30474
0.862924
-2.22613
0.792275
0.13462
-2.86817
-1.86409
-0.166102
2.97515
-1.06533
-0.552482
-1.6167
-1.15353
-2.23186
-0.543577
0.955859
0.0921963
0.0768227
-0.596034
-0.668062
-0.924635
-1.66524
-0.511165
0.828617
-1.12541
1.48149
-0.872017
1.62111
2.42478
-3.13993
-0.117286
0.912012
0.173868
-0.20722
-2.88963
-0.557987
1.78977
0.567495
-2.55911
-0.408923
0.76944
-0.332802
0.81488
-1.13748
-0.00483752
-1.5264
-0.320512
-2.65637
0.434032
-0.0221936
1.53444
-0.19354
-0.483233
0.75793
2.47556
-2.06153
-2.03147
1.15939
-1.04042
3.10057
-0.9207
-0.495089
1.65628
-0.490662
-1.9384
1.04632
-0.205805
-1.36521
-1.40617
-0.580418
0.0801355
-2.04019
-0.575113
0.28328
0.791054
0.599359
-0.319117
1.15169
-1.96375
-1.80979
-2.51868
0.104861
1.50339
-0.745759
-0.0366561
0.194992
-1.57545
-0.266857
-0.936442
0.746938
-1.75071
-1.01657
-1.79196
-1.16694
-2.27938
-1.15434
1.48309
0.284469
1.76005
-0.491221
-0.698272
1.71696
-0.838482
-0.420934
-0.446018
-1.1136
1.40214
0.396047
-2.30567
-1.41533
-2.46465
-0.453518
-0.243449
0.891552
1.9106
