0.712853
0.336113
0.325683
0.264273
0.268468
0
0
0
0.669308
0.188523
0
0
0.920501
0.556018
0.413135
0.518139
0.718788
0.813086
0.61763
1.02764
0.950616
0.775405
0.278223
1.01871
1.08122
0.50283
0.45041
1.09032
1.39132
1.31139
1.25203
1.63927
0.574994
0.364774
0.277968
0.15896
0.681714
0.524401
0
0.248416
0.76652
1.13951
0.391033
0.198575
0
0
0
0.649743
0.371528
0.338714
0.401629
0.922384
0.303777
0
0
0
0.450671
0
0
0.00957748
0.744224
0.22766
0.144415
0
1.45535
0.85173
0.860406
1.06728
1.45746
0.66406
0.565029
1.09976
1.44956
0.776501
0.459797
1.23344
1.22697
0.87246
0.879933
0.757769
1.44717
1.43573
1.32398
1.6475
0.699938
0.533549
0.375287
0.94717
0.732269
0.358054
0.293248
0.944139
0.598293
0.639778
0.653346
0.926452
1.64827
1.5448
1.52471
1.46711
1.05996
0
0
0
1.11706
0.183966
0.0653912
0
0.938769
0.0664772
0.135957
0
0.15117
0.142944
0.11693
1.06577
0.189831
0.163241
0.503228
0.946714
0.142148
0
0
0.588085
0.10521
0.155604
0.050569
0.611653
0.774479
0.846495
0.852621
0.96176
0.0832442
0
0
0.657854
0.362185
0
0
0.655109
0.59328
1.14173
1.37084
1.35961
1.18434
0.434457
0.588041
0.541574
1.26113
0.67362
0.703447
0.87075
1.04251
0.336332
1.25037
0.935674
0.972254
0.0705553
1.05022
0.765229
0.885782
0.814386
0.807671
0.746211
0.248846
0.446429
0.202422
0.388314
0.377749
0.386431
0
0.453595
0.363915
0.572162
0.538337
0.982804
0.798376
0.477102
0.378124
0.694513
1.0419
0.882627
0.56082
0.721887
1.22811
0.810961
0.644345
0.873563
0.936353
0.489259
0.436235
0.715598
1.50692
1.15549
1.06883
0.928819
0.195328
1.02572
0.825818
0.883574
0.15663
0.259724
0.382868
1.0713
0.788895
0.799711
0.790172
1.08112
1.50712
0.835629
0.771803
0.723171
0.933406
0.481341
0.326299
0.387776
1.02031
0.599418
0.215654
0.633514
1.42191
1.21164
1.23768
1.28458
0.0627307
0
0.0139458
0.894983
0
0
0
0.462222
0
0.000189163
0
0.441615
0.211279
0.178423
0.353128
0.800831
1.43453
0.635089
0.698259
0.764642
0.939934
0
0
0
1.09036
0.346645
0.489088
0
1.18612
0.546656
0.88584
0.673848
0.305224
0.262806
0.271425
0.352584
0.383598
0.420668
0.0116328
0.246466
0.357715
0.981215
0.299982
0.537653
0.87422
0.544931
0.0733254
0.238149
1.76832
0.674503
0.682104
0.592505
1.83058
0.353321
0.422511
0.458295
1.45761
0
0
0
1.5807
0.717296
0.46424
0.705995
0
0
0
0.944998
0
0
0
0.500777
0
0
0
0.628557
0.0699823
0.069646
0.00349741
0.913472
1.1409
0.337228
0.17333
0.180213
1.14777
0
0.0292767
0
0.848247
0.200123
0.100116
0
1.33112
0.542456
0.78167
0.682664
0.778257
0.244409
0.20905
0.241089
0.844868
0.193814
0.17279
0.298425
0.505546
0.327122
0
0.337154
1.99295
1.75947
1.83266
1.91351
1.58576
1.53095
1.42726
1.4125
0
0.156772
0.23312
0.521126
0.0677844
0
0.0783677
0.466655
0.0294217
0
0
0.202826
1.50322
1.47321
1.51571
1.6027
0.343929
0.370578
0.649315
1.14002
0.268976
0.699382
0.842618
1.11945
0.8298
0.437223
0.751118
1.29227
0.974699
0.724296
0.665877
0.726897
0.606537
0.0752112
0
0.0789475
0.733916
0
0
0.215887
1.31808
1.13835
0.873425
0.803433
1.1496
0.0388755
0.0288824
0.224227
1.417
0.4389
0.187966
0.518535
1.48233
0.791647
1.09845
0.875883
1.42617
0.381757
0.595727
0.480075
0.268573
0.253718
0.153707
0
0.175054
0.272353
0
0
0.10127
0.133668
0.05133
0
1.37516
1.3327
1.18738
1.08122
1.17789
1.3375
1.3015
1.66005
0.847957
1.08558
0.906528
1.49162
0.750989
0.711875
0.797388
1.38707
1.52781
0.877502
0.887139
1.47984
0.52035
0.401509
0.371271
0.658911
0.195161
0
0
0.337023
0.340964
0
0
0.232964
0
0
0
0.228187
0.560566
0.174233
0.208515
0.994849
0.414102
0.404278
0.49295
0.924001
0.078367
0.149457
0.610654
1.19913
1.37701
1.46114
1.4832
1.90957
1.25768
0.407756
0.391306
0.495551
0.185184
0
0
0.251772
0.469837
0
0
0.0137373
0.317683
0
0
0.749644
0.8515
0.651807
0.672254
0.580998
0.849656
0
0.197142
0
0.753622
0.298718
0
0
1.22966
0.322671
0
0
0.66938
0.582687
0.589261
1.36831
0.0701634
0
0
0.349776
0
0
0.213185
0.320803
0.0778907
0
0
0.096839
0.764761
0.414897
0.421977
1.581
0.732457
0.609363
0.143898
1.46145
0.474019
0.148118
0.0514295
1.59587
0.467815
0.394474
0.632821
1.63544
0.605234
0.497282
0.366676
0.365743
0.385988
0
0.0466479
0.314478
0.441591
0
0.366802
0.147372
0.31236
0.408395
0.478533
0.455218
1.25803
0.956506
0.905608
0.501695
0.981488
1.02443
0.816337
0.522853
0.946541
0.877328
1.01456
0.634831
1.36077
0.713933
1.12387
0.645568
1.74861
1.12458
0.968826
1.21381
1.50881
0.488343
0.53702
0.518225
1.50671
0.73423
0.737803
0.739625
1.25733
0.342057
0.406099
0.892285
0.420121
0.475273
0.34608
0.505834
0.16211
0.172867
0.214564
0.360583
0.133209
0.304879
0.445308
0.245417
0.740299
1.37133
0.205029
0.607485
1.02635
0.95762
0.965794
1.34421
0.868304
1.15743
1.45316
1.32612
0.510309
0.970737
0.976314
1.20909
0.743068
0.693255
0.682804
1.37511
1.24662
1.23858
1.18992
1.70812
0.678873
0.660979
0.467066
1.49066
0.737405
0.302501
0.317539
1.51445
0.930814
1.04725
0.843691
1.56034
1.85957
0.543034
0.597436
0.405559
1.97331
0.678433
0.60921
0.732716
2.13299
0.911693
0.813665
0.821792
1.80746
0.477728
0.142891
0.435379
0.33387
0.385296
0.705114
0.612204
0.152072
0.612734
0.531398
0.866111
0.552064
1.07348
0.113062
0.880131
0.56549
1.00263
0.914606
1.01643
0
0.144088
0
0.447761
0
1.05647
0.00782349
0.482753
0.128383
0.356902
1.07821
0.632602
0.829668
0.797889
1.01568
0.819429
1.83294
0.111948
0.0767162
0.39478
1.65097
0.119747
0.0875218
0.0693125
1.58487
0.650609
0.299354
0.493883
1.58452
0.23556
0
0.237658
1.29886
1.53022
1.47261
1.55715
1.05778
0.924787
0.808858
1.02613
1.22863
1.17721
0.990245
1.0864
0.65312
1.31861
1.2832
1.06248
1.72099
1.72431
1.64909
1.82649
0.423064
0.1183
0.387268
0.521666
0
0
0
0.330044
0.757644
0.769356
0.736059
0.888123
1.84514
0.652552
0.536393
0.629541
1.27109
0.592323
0.391754
0.567616
1.47932
0.555112
0.388804
0.380226
1.45724
0.575899
0.632875
0.572252
0.659391
0.419326
0.434721
0.474866
0.701126
0.432822
0.596469
0.585618
0.721441
0.724561
0.712173
0.66948
1.53177
1.12576
1.24977
1.06546
1.62455
1.83902
1.74372
1.52956
0.53718
0.985976
0.953385
0.798463
0.439752
0.377352
0.462851
0.851551
0.624437
0.538847
0.455915
0.702293
0.270541
0.295993
0.295809
0.46531
0.354022
0.288701
0.450775
0.212143
0.387542
1.23171
0.857576
0.459078
1.12297
0.958237
0.944399
1.08573
0
0
0
0.113812
0
0
0
0.0594217
0.28247
0.421673
0.204873
0.385664
0.649975
0.793707
0.728426
0.599333
0.881924
0.659709
0.791127
2.05983
0
0
0
1.75415
0.404147
0
0
1.76645
0
0
0
1.57046
0
0
0
0.128197
0
0
0.00251105
0
0
0.140221
0
0.182805
1.91403
1.75626
1.91061
1.84903
0.308578
0.295857
0.350399
0.643074
0
0
0.134516
0.961945
0.889779
0.437157
0.0264839
0.891368
0.89505
1.2064
1.07249
1.02312
0.324626
0.449829
0.516823
1.31677
0.0576518
0.530505
0.702449
1.4727
0
0.392446
0
1.48307
0
0
0.204314
1.18159
0.979305
0
0.0986231
0.919494
1.20674
0
0.199116
0.891135
1.13714
0.452759
0.173284
0.796796
1.13475
0.264002
0.348902
1.30729
1.5202
0
0.138092
0.352316
1.70306
0.303081
0
0.11036
1.59461
0.688833
0.0353305
0.193109
2.01857
1.07912
1.25739
0.938499
0.568171
0.590718
0.573079
1.01168
0.499216
0.369785
0.25872
0.866967
0.619159
0.247852
0.712259
1.00662
0.522149
0.588009
0.877581
0.875507
0.646072
0.667433
0.627115
0.758597
0.651109
0.745481
0.768703
0.650899
0.915492
0.289474
0.62985
0.619268
0.586761
0.674992
0.806433
0.373584
0.280071
0.181408
0.0823144
0.403826
0
0
0.0287103
0
0
0
0.464667
0.0460558
0.435714
0.253593
0.412665
0.468707
0.175164
0
0
0
0
0
0
0
0.0851569
0
0
0
1.10354
1.20871
1.08568
1.20848
2.15128
1.45771
1.50456
1.6043
1.14371
0
0
0
1.37793
0
0
0
1.12939
0
0
0
0
0
0.224593
1.40739
0.32667
0.118758
0.329452
1.33077
0.0314591
0.96402
0.348358
1.02823
0.0144531
0.594295
0.520605
1.37038
1.15393
1.17247
1.18662
1.35639
0.131327
0.489478
0.795323
0.582749
0.248787
0.467281
0.272663
0.811594
1.04516
1.26685
1.24464
1.55569
0.46713
0.655398
0.622068
1.25943
0.419623
0.641629
0.706923
1.19552
0.747301
1.01226
0.824355
1.43408
0.511313
0.706445
0.560307
1.09054
2.02439
1.87412
1.83794
1.83998
0.97696
0.757817
0.667852
0.444481
0.826189
0.454417
0.47697
0.289898
0.880075
0.59062
0.435405
0.822553
0.443194
0.0909887
0.10959
0
0.602208
0.480111
0
0
0.808505
0.706323
0
0
0.97269
1.13015
0.857373
0.74099
0
0
0
1.46779
0
0
0
1.31388
0
0.429447
0.263959
1.03247
0.362071
0.526279
0
1.52865
1.62313
1.3136
1.29107
1.40042
0.555558
0.346051
0.512182
0.488195
0.647176
0.214235
0.327744
0.64978
0.661668
0.472527
0.440452
0.613097
0
0
0
0.481226
0
0.170302
0.297016
0.611048
0
0.0680211
0.0619864
0.406683
0
0
0
0.593296
0.371279
0.246449
0.0262571
0.195619
0.0974319
0.791834
0.394466
0
0.0120413
0.287021
0.409129
0.1049
0.457202
0.18379
0
0.532775
0.213376
0
0.167391
0.366347
0.553499
0.420719
0.428048
0.717608
0.63147
0.298597
0.636127
0.649006
1.14377
1.32111
1.35059
1.77587
1.16812
0.557713
0.508522
0.382348
1.02266
0.167777
0.325076
0.232376
1.12314
0.202174
0.245213
0.10704
1.54573
1.51602
1.353
1.42363
0.767012
0.378797
0.271522
0.142092
0
0.0541817
0
0
0
0
0
0.0220441
0
0
0.128454
0.666539
0.313608
0.194407
0.180908
0.843121
0.373561
0.0383159
0.244761
0.639743
0.456401
1.04271
0.329441
0.786382
1.82524
1.72945
1.50382
1.83746
1.44722
1.24766
1.10743
1.06575
1.35547
1.25032
1.03472
0.491472
0.999788
1.13596
0.727353
0.395838
1.30144
0.46326
0.920913
0.62202
0.485543
0.425728
0.333288
1.60554
0.15701
0.130362
0.21676
1.69058
0.00685057
0.0417867
0.418496
1.61438
0.173966
0.333493
0.325027
1.70025
1.65461
1.45059
1.53088
1.42277
0.593846
0.223634
0.310323
0.168589
0.557053
0.487734
0.224866
0.109728
0.457976
0.328495
0.283571
0.139914
0.675089
0.559892
0.655269
0.409852
0.657755
0.496223
0.789058
0.765697
0.753484
0.737967
0.479248
0.826748
0.846925
0.693077
0.900681
0.660934
1.96353
1.82174
1.78561
1.99565
0.486675
0.57481
0.186681
0.120511
0.344027
0.0675982
0.069719
0.248505
0.450672
0
0.263694
0.076033
1.6772
0.232814
0.145434
0.326833
1.2912
0.183025
0.0245767
0.0810156
1.1656
0.0765286
0.168868
0.17084
1.31522
0.57901
0.494481
1.04604
1.45215
0.156085
0.130358
0.841959
1.62195
0.15548
0.0619225
0.93566
1.1972
0
0
0.748256
1.3168
0.283163
0.131749
1.3486
1.41898
1.65581
1.83267
1.60482
0.475867
0.571553
0.615656
0.877024
0.827965
0.605818
0.490683
1.20194
0.59385
0.357615
0.509506
0.752907
0
0
0
0
0
0
0
0
0
0
0
0
0.877413
0.710174
0.722868
0.664135
1.12401
1.11126
1.12048
1.01254
0.814894
0.937927
0.710909
0.494028
0.841695
1.02118
1.11509
0.64105
0.324126
0.647207
0.875534
0.372994
0.751211
0.560796
0.631139
0.702624
0.0201824
0
0
0
0.0856908
0
0.155992
0.0766491
0.172134
0.128855
0.170217
0.300261
0
0.129933
0.0749545
0.928395
0
0
0.194332
1.05378
0
0.131535
0.0159902
1.05582
0.730982
0.84509
1.1636
1.33396
0.0648657
0
0.0309909
1.1065
0
0
0.0876441
0.870916
0
0
0.439217
0.880714
0.0276396
0
0.281832
0.816347
0.672492
0.527958
0.578853
0.809494
1.18605
0.789249
0.86668
0.828098
1.33458
1.00391
1.17962
0.614749
1.32116
1.34839
1.27277
0.826659
0.343177
0.332823
0.243041
1.58363
0.401349
0.614125
0.433488
1.42314
0.377285
0.65058
0.764692
1.615
0.306967
0.460926
0.454894
1.59233
0.30077
0.484355
0.506633
0.472294
0
0.669704
0.328939
0.644329
0.202585
0
0.0283591
0.42389
0.983611
0.834364
0.864411
0.962734
0.373356
0.693716
0.664156
0.644666
0.359036
0.0108812
0.199197
0
0.55268
0
0.0621205
0
1.30632
1.51917
1.47121
1.1884
0.488197
0.294821
0.44571
1.19971
0.200519
0.304228
0.182892
0.645313
0
1.44072
1.25001
1.04545
0.218912
0.166121
0
0.950183
0.808335
0
0
0.00824093
0.787594
0
0
0
0.992185
0.459139
0.226723
0.189766
1.54552
1.04423
0.963591
1.01013
0.293983
0.282962
0.293722
0.334239
0.273121
0
0.0512754
0.174685
0.398247
0.6335
0.322444
0.5516
1.02316
1.34225
1.37978
1.66933
1.08267
0.624252
0.495238
0.848165
1.16724
0.424476
0.118629
0.0810819
0.800331
0.762561
0
0.208532
1.00131
0.522202
0.196518
0.311302
0.721025
0.356918
0.395019
0.347196
0.221149
0
0
0
0.0413325
0
0
0.278255
1.14815
1.03157
1.00866
0.957814
1.14033
0.523449
0.448121
0.630601
0.95006
0.371153
0.421977
0.568269
0.734406
0
0
0.721622
0.977147
0.620749
0.535037
1.03299
2.01231
1.47488
1.56763
1.72464
1.23451
0.167336
0.0387065
0.849533
0.967401
0.425838
0.0241431
0.802643
0.978032
0
0.1687
0.456246
0.892811
0.651959
0.664074
0.629545
0.744554
0.256636
0.570811
0.654382
0.725619
0.521345
0.649496
0.620708
0.549427
0.884939
0.513685
0.480841
0.928915
1.03207
1.10719
0.965469
0.136215
0.363249
0.229301
0.641488
0.230162
0.31244
0
0.461171
0.897069
0.931036
0.923764
1.04058
1.0538
1.16188
1.02183
1.42776
0.563117
0.827224
0.83643
1.10774
0.478055
0.876777
1.02757
1.43295
0.352583
0.557523
1.14827
1.10907
1.02728
0.259623
0.225001
0.344219
1.01086
0.470815
0.271935
0.532735
1.09873
0.566746
0.94393
0.543273
1.22991
0.371248
0.284594
0.131861
0.756213
0.345598
0.427864
0.462046
0.833354
0.376071
0.213769
0.334304
0.823098
0.330393
0.120307
0.464521
1.91734
1.7944
1.76893
1.79533
1.19814
0.917282
0.955557
0.756287
0.677036
0.498182
0.543267
0
0.752265
0.351293
0.4249
0
0.790109
0.497191
0.543408
0.648553
0.983081
0
0
0.621025
0.946315
0
0
0.648582
0.817758
0
0.305037
0.486072
1.56073
0.43914
0.264498
1.1174
1.35118
1.16471
1.12068
1.0721
0.651139
0.331601
0.349105
0.630266
1.02501
0.394433
0.298469
0.933259
1.13484
0.628701
0.565049
1.06146
1.11552
0
0
0
1.29829
0
0
0
1.25597
0
0
0
1.43356
0.38604
0.579701
0.497739
0.928131
0.600116
0.590356
1.37149
1.02832
0.365498
0.0321834
0.934182
0.968472
0.317592
0.375037
1.23137
0.605514
0
0.316384
1.35248
0.372444
0.433738
0.519951
1.29585
0.71957
0.379348
0.702839
1.05751
0.331976
0.959039
1.19573
1.3988
0.411496
0.437891
0.432446
0.905078
0.60638
0.604814
0.625926
1.34177
0.523242
0.633232
0.38421
1.17737
0.341208
0.559626
0.858569
1.18427
1.53625
1.41362
1.54657
1.44308
0.651853
0.717996
0.560875
0.55282
0.312882
0.796838
0.318164
0
0.0769743
0.314436
0.326707
0
1.29094
0.988629
0.835295
0.583353
1.13567
1.07593
1.11745
1.03623
0.53548
0
0
0.224285
0.675628
0.371987
0.143092
0.122471
0.332503
0.318961
0.197069
0.532793
1.71388
0.314456
0.172583
0.210409
1.7213
0.176664
0
0
1.75892
0.116325
0.0904518
0
2.13402
0
0.844472
0.218745
0.750508
0.623814
0.696976
0.861184
0.170425
0.269049
0.00375409
0.475023
0.0112911
0.0587828
0
0.291227
1.42793
1.36569
1.37262
1.48683
0.863863
0.673858
0.711642
1.4024
0.761214
0.633445
0.237176
1.56638
0.918028
0.771865
0.0649453
1.65513
0.989688
1.2504
1.41921
2.32136
1.81837
0.604557
0.437738
0.644574
1.38395
0.427403
0.183173
0
1.47701
0.424749
0.2827
0
1.4766
0
0
0.0635697
0.287277
0.29058
0.255628
1.37674
0
0
0
1.51264
0
0
0
1.43261
0
0
0
1.84077
0.611269
0.697698
0.619538
0.627681
0.725755
0.834465
1.09538
0.60633
1.16628
1.54232
0.187029
0.613809
1.04678
0.77427
0.704555
0.750171
1.51677
1.68434
1.67271
1.6963
0.898358
1.44308
1.25378
1.12871
0.934496
1.01507
1.31413
1.22318
0.868817
0.922799
0.618043
0.519656
0.526092
0.280532
0.18727
0.433947
0.518665
0.48946
0.389638
0.349903
0.300941
0
0.117408
0.355698
1.4428
1.39963
1.34643
1.28749
0.418809
0.473096
0.338469
0.850657
0.264328
0.442273
0.443786
1.00713
0.224456
0.598478
0.773287
1.10697
1.05156
1.06943
0.862657
1.31934
0.740033
1.03035
0.840335
0.698359
0.287386
0.86698
0.878544
0.265288
0.302544
1.29427
1.43325
0.59953
0.56213
0.315556
1.34574
0.499391
1.03446
1.10636
1.22474
1.24064
0.872257
0.367635
0.887705
0.556822
1.18596
1.09924
0.400096
0.692477
0.833752
0.327016
0.610691
0.890892
0.310198
0.204613
0.206253
0.161861
0.387215
0.526317
0.572614
0.396976
0.284584
0.601181
0.203589
0.260918
2.28789
2.20416
2.11081
2.2103
0.552712
0.388426
0.527779
0.509237
0.601794
0.59131
0.425346
0.285871
0.86102
1.5761
1.11792
0.940172
0.573414
0.663601
0.593294
0.434794
0
0.429228
0.4971
1.20515
0
0
0.8266
1.44765
0
0.432862
0.781202
1.47133
0.480089
0.381371
1.01995
1.24093
0.690125
0.59031
0.463091
0.677777
0.528612
0.342581
0.642558
0.706905
0.615689
0.429902
0.786642
0.699526
0.504131
0.317488
0
0.232108
0.507678
0.224474
0.170157
0.813786
0.289293
0.695106
0.478142
0.927461
0.362826
0.238255
0.379557
1.09476
0.77195
0.82573
0.885166
1.0552
0.839767
0.276713
0.30423
0.0677963
0.665084
0
0
0
0.741416
0.171861
0
0
0.40023
0.462485
0
0
0.275409
0.152374
0.295411
0.32008
0.455344
0.0321187
0.49738
0.242212
0.496385
0.143964
0.203307
0.25235
0.632764
0.620235
0.546448
0.381499
0.859166
0.30473
0.344668
0.385387
0.78601
0.276997
0.834542
0.56608
0.666425
0.481882
0.999469
0.52653
1.04169
0.35985
0.479798
0.734285
0.993966
0.654236
0.583467
0.28778
0.50922
0.489409
0.350948
0.117891
0.699428
0.751701
0.177205
0.533881
1.35453
1.10696
1.1475
1.48785
1.21209
1.53441
1.55281
1.92173
0.380918
0.280168
0.430357
1.09252
0.515074
0.454691
0.980389
1.11289
0.0430475
0.572102
0.0830295
1.14521
0.418346
0.113783
0.327729
0.448104
0.910903
0.447912
0.487015
0.671559
1.10118
0.848807
1.15791
0.959814
0.449103
0.275048
1.03544
0.474859
1.56485
1.00444
1.06535
1.40075
1.59824
0.879678
0.821932
0.829666
1.68204
1.29888
1.5146
1.13144
1.13561
0.435739
0.419764
0.434501
1.32503
0.990031
1.05423
1.04587
0.398201
0.196787
0.16541
0.262713
0.200216
0.0550347
0
0
0.523809
0.76567
0.481692
0.615877
0.912921
0.160565
0.0400337
0.608808
0.629065
0.61296
0.288834
0.662634
0.622444
0.496818
0.460717
0.581971
0.722614
0.16402
0.627792
0.555992
0.72503
0.399578
0.424889
0.727749
0.775773
0.456217
0.880556
0.691677
0.71748
0.665815
0.772807
0.744206
0.923055
1.06974
0.821061
0.544234
0.574826
0.761685
0.650729
0.499381
0.121732
0.121754
0.227008
0.383709
0.345948
1.20319
0.774761
0.561497
0.297301
0.319419
0.139616
0.419854
1.15729
1.33388
1.30451
1.27232
0.183387
0
0
0.143539
0.524536
0.254499
0
0.0606297
0
0
0
0
0.725603
0.0454036
0.0330848
0.363749
0.495284
0
0
0
0.706403
0
0
0
1.05141
0.992622
1.14742
1.39337
0.888219
0.781034
0.731314
0.617797
1.00509
0.744231
1.15327
0.77418
1.51505
1.53952
1.4827
1.05107
1.5693
1.70192
1.93235
1.78893
1.16646
0.851475
0.861533
1.36464
1.29153
1.00209
0.938452
1.22104
0.823545
1.02559
0.775574
1.27959
1.69894
1.68132
1.4179
1.38372
1.62846
1.04848
0.881625
1.02889
1.41062
0.755782
0.796538
0.696088
1.2521
0.83401
0.999634
0.659542
1.26499
0.314605
0.380241
0.476588
0.845016
0.262861
0.276714
0.296779
0.758941
0.16516
0.279232
0.18924
0.670329
0.0947102
0.027295
0.0260084
0.749502
1.05098
0.909912
0.53302
1.0942
0.724292
0.757601
0.58422
0.92222
0.306811
0.113225
1.04388
0.998192
0.715101
0.419933
0.91842
0.875363
1.28894
1.08619
1.18715
0.687489
0.258753
0.184087
0.831131
0.0446051
0.103301
0.0254623
0.328116
0.461216
0.232821
0.234039
0.380458
0.986838
0.948709
0.940819
1.03786
1.15064
1.34516
1.26838
1.32929
0.820634
1.21052
1.00439
0.750825
0.674398
0.44019
0.764334
0.526846
0.744258
0.592346
0.483057
0.568366
0.830562
0.838422
0.744922
0.901799
0.628586
0.721613
0.533693
0.880922
1.11983
0.706806
1.01518
1.0025
0.888241
0.71391
0.789564
0.835307
0.765049
0.0400333
0.159689
0.870871
0.747388
0.120657
0
0.665835
0.775956
0.367748
0.580872
0.732106
1.37087
0.517198
0.53757
0.655894
0.770614
0.848061
0.795182
0.823698
0.507323
0.914289
0.621981
0.628869
0.423083
0.767402
1.05859
0.97176
0.747462
0.642977
0.837553
0.928164
0.824033
0.175526
0.215902
0.756279
1.06184
0.721703
0.355425
0.784336
1.04194
0.517124
1.10815
0.937736
2.15156
1.89605
1.7204
1.89781
0.162946
0
0
0
0.0600995
0
0.136387
0
0
0.136436
0
0.0262014
1.25397
1.63027
1.78411
1.3546
0.967844
0.444334
0.427052
0.501783
0.882447
0.686608
0.552788
0.60389
0.979695
0.414706
0.425761
0.64958
1.50276
1.69532
1.84762
1.85204
1.11489
1.24083
1.16627
1.24285
0.317929
0
0.259577
0.612602
0.567975
0
0.306513
0.797594
0.128347
0
0
0.407653
0.372948
0.431056
0.440104
0.733506
0.283777
0
0.282103
0.611401
0.256576
0
0.684077
0.595875
0.161375
0
0.0501236
0.617619
0.657907
0.421624
0.543819
0.892578
0.714355
0
0.0903513
0.202421
0.619668
0.626209
0
0.208527
0.433631
0.226142
0.277305
0.488382
0.957865
0
0
0
0.686695
0
0
0.0174949
0.607974
0
0.0202491
0.135292
0.465254
0
0
0
0.886237
0.829698
0.800364
1.44978
0.472845
0.618556
0.596718
0.841672
0.907139
0.410996
0.711469
0.801551
0.568983
0.161305
0.494366
0.557519
0.425835
0.280883
0.341622
1.69284
0.254071
0.153808
0.237798
1.14173
0.267801
0
0.2513
1.15945
1.02154
0.955657
1.09069
1.78625
0.625093
0.921159
0.846619
1.97052
0.0339886
0.563046
0.257995
1.71964
0.407763
0.623296
0.0578603
1.66668
0.106702
0.578828
0.946871
1.62981
0.52096
0
0
0
0.460011
0
0
0
0.339896
0
0
0
1.49503
0.278074
0.0502899
0.0443248
1.8713
1.68133
1.61971
1.67076
0.84681
0.526462
0.689559
0.0788807
0.76069
0.0451685
0.312324
0.308023
0.530979
0
0
0
1.08544
0.817373
0.700036
0.874717
0.531879
0.170516
0.308669
0.329989
0.514496
0.527602
0.231948
0.722093
0.360247
0
0
0.106628
0.961055
0.926647
0.986598
0.95658
0.425965
0.00968566
0.264575
0.470806
0.535116
0.0277403
0
0.600553
0.547785
0.474796
0.540846
1.00509
0.0604857
0.303763
0.29385
1.34702
0.301493
0.240136
0.319283
0.849602
0.526306
0.660881
0.51318
0.993957
1.56572
1.61966
1.58032
1.51073
1.60075
0
0
0
1.47655
0
0
0
1.49943
0.140931
0
0.121214
1.7566
0.519891
0.527926
0.630137
1.02983
0.405734
0.261968
0.371073
0.220433
0
0.248711
0.329665
0.377065
0.123842
0.0303099
0.406786
1.04606
1.22039
0.988752
1.48682
0.115847
0.145663
0.320121
0.974844
0.195184
0.177666
0
0.913607
0.111023
0.606397
0.413822
1.06046
0.649123
1.11112
0.762193
1.67124
0.772524
0.467074
0.446691
0.385132
0.891411
0.514704
0.375704
0.500857
0.974452
0.667289
0.829618
0.667771
1.7255
1.81061
1.66582
1.87314
1.15057
1.09929
1.11019
1.29784
0.584814
0.726186
0.789635
0.745559
0.742596
0.0620663
1.00133
0.629754
0.356869
0.205608
0.646554
0.422848
0.539269
0.493539
0.450725
0.41579
0.32613
0.502864
0.511406
0.424192
0.667949
0.905641
0.49258
0.533913
1.43655
1.63456
1.54262
1.54119
0.94454
0.570602
0.598646
0.58699
0.352572
0.552742
0.658535
0.453084
0.485734
0.474626
0.205895
0.148086
0.774338
0.712091
0.863272
0.578053
0.567424
0.476581
0.612823
1.0999
0.800378
0.532781
0.462128
0.892224
0.789233
1.00065
0.831097
1.13679
1.79077
1.76447
1.71005
1.93055
0.629889
0.0973685
0
1.39511
0.529065
0.290348
0.148195
1.4415
0.287094
0
0.214959
1.45759
0.695179
1.02308
0.870429
1.8551
0.125632
0
0
0
0.0819251
0
0
0
0.0411778
0
0
0
0.306039
0.157082
0
0
1.57879
1.63893
1.56518
1.85277
0
0
0
0.477506
0
0
0
0.419337
1.08398
0.536935
0.42937
1.12369
0.451831
0.416219
0.335741
0.497137
0.59821
0
0
0
0.948124
0.870053
0.619447
0.415621
0.931985
0.501542
0.524255
0.463654
0.600374
0.741605
0.793765
1.34325
0.755277
0.72428
0.688651
0.579345
0.247146
1.4748
0.609424
0.7635
0.541694
0.671931
0.348227
0.6037
0.482792
0.778416
0.785024
1.48789
0
0
0.55822
1.10562
0.21449
0.255614
0.413571
1.15609
1.14656
1.07729
1.17041
1.55589
2.07193
2.02158
2.0499
1.88506
1.27048
0.810942
0.813643
1.18973
1.32517
0.912416
0.625843
0.668391
1.27683
1.2817
0.817625
0.960123
0.338247
0.536321
0.573618
0.463537
0.116835
0.191724
0.67771
0.893762
0.428138
0.390356
0.0272956
0.432891
0.223772
0.581195
0.5508
0.520396
0
0
0
1.36698
0
0
0
1.45978
0.0612929
0.30026
0.239179
1.55087
0.793811
0.977668
1.02911
1.95578
1.4058
0.515516
0.539486
0.887005
0.863465
0.629114
0.158044
0.830905
1.01301
0.42037
0
0.614777
1.2649
0.950281
1.01295
1.56267
0.964923
0.335721
0.24363
0.163608
0.529898
0.0424827
0.0895584
0.088616
0.662063
0
0
0
0.757587
0.807147
0.964566
1.0203
1.99771
1.07319
0.990503
0.921369
1.12357
1.0573
0.380848
0.79092
0.98214
0.120871
0
0.332443
0.76069
0
0.356326
0.710178
1.12653
0.530065
0.589058
0.28904
0.781703
0.162486
0.149291
0
0.983866
0.402428
0.190936
0
1.02101
0.744922
0.583726
0.375129
1.67623
1.58035
1.67756
1.85753
0.23385
0.0522383
0.598565
1.22639
0.141026
0.614475
0.486981
1.38131
0.118119
0.875534
0.305042
1.31494
0.6614
0.698044
0.983843
0.944501
0.99255
0.605292
0.975913
1.04341
1.32357
0.407285
0.914624
1.05351
1.11794
1.20108
0.75302
0.992673
0.109256
0.37062
0.577228
0.669031
0
0.186534
0.339461
0.533363
0.385633
0.165321
0.252418
0.340387
0.414961
0.141972
0.3481
0.43086
0.204942
0
0
1.01431
0.0187051
0
0.0632711
0.983293
0.0328444
0.0514754
0.189657
1.12576
0.637696
0.156085
0.819779
1.34632
1.01472
1.13308
1.11953
1.02905
0
0
0.0772121
0
0
0
0
0
0.859012
0.71547
0.929129
0.617087
0
0
0
1.07543
0
0
0
0.638468
0
0
0
0.923337
1.6052
1.51882
1.64354
1.84996
0.673552
0.759772
0.638298
1.11442
0
0
0
0
0
0
0.734585
0.0266129
0
0.594995
0.407993
0.216248
1.58983
1.53934
1.49968
1.67472
0.180936
0
0.00906973
1.01194
0
0.205785
0.293032
1.04038
0
0.0189204
0
0.689871
0.0249469
0
0
1.42148
0.0243349
0
0.00894815
1.24381
0.080972
0
0
1.31812
0.43348
0.324868
0.185264
1.385
0.719392
0
0
0.992403
0.7984
0
0.126994
1.21431
0.635055
0
0.0935012
1.13382
1.59233
1.48869
1.48038
2.19295
1.11243
1.21371
1.10557
0.995442
0.808594
0.825867
0.845263
0.52738
1.01901
1.05204
1.40455
0.64251
0.810758
0.520072
0
0
0.0782375
0.36869
0.216976
1.66881
0.283951
0.407753
0.190137
1.17391
0.0275016
0.434784
0.263053
1.45424
0.414372
0.0749881
0
1.03129
0.232423
0.363898
0.421818
1.67543
0.0216017
0.293757
0.181539
1.32852
0
0.244781
0.246642
1.52528
0.901522
1.03705
0.706623
1.47219
0.505056
0.481868
0.524067
0.370644
0.423902
0.0896092
0.132548
0
0.650525
0.51414
0.996459
0.262641
0.450514
0
0.208343
0
1.47991
0.616362
0.537301
0.547067
0.853893
0.641443
0.175692
0.312839
1.02954
0.0758812
0.0875836
0.286494
1.21712
0.461884
0.473997
0.582258
1.47941
0.667821
0.608533
0.73097
1.62835
1.03229
0.695148
0.283257
1.65091
0.986359
1.076
0.578283
1.67752
1.01754
0.755065
0.442492
0.353994
0.637067
0.576024
0.559057
0.649902
0.805424
0.983835
1.04335
1.00292
0.800364
1.29807
0.730783
1.15075
1.21708
0.982849
0.531184
1.51124
1.55409
1.49743
1.35784
0.501757
0
0.435164
0.3659
0.546982
0.360741
0.0690442
0.315296
0.637027
0.343697
0.258781
0.357205
1.11872
0
0
0.207394
1.30026
0
0.111575
0.552741
1.33815
0.321262
0.634897
0.786994
1.5759
1.11578
0.895481
1.02368
1.53166
1.49643
1.37188
1.50695
0.217244
0.714302
0.113357
0.506393
0.145913
0.536168
0.203443
0.455013
0
0
0
0.489456
2.07685
1.23021
1.31727
1.25512
1.28019
0.716608
0.466406
0.471886
1.4705
0.956406
0.510312
0.469463
1.3482
0.954952
0.993618
0.657763
1.20929
0.729737
0.657854
0.717993
0.670569
0.269577
0.434024
0.245794
0.851371
0.882355
0.641926
0.432352
1.24274
0.616662
0.757851
0.746396
1.44872
0.586354
0.531073
0.489482
1.35937
0.00123226
0.2665
0
1.42587
0
0.438537
0
1.51814
0.28785
0
0.047949
1.17848
0
0
0
0.764173
0
0
0
0.987828
0
0
0
0.848567
0
0
0.0487864
0.261797
0.400736
0.449937
1.12875
0.546818
0.401173
0.0720588
0.891723
0.773438
0.42351
0.432046
1.0253
0.936604
1.43057
1.03977
1.48431
0.813431
0.869297
0.794195
0.610923
0.352628
0.0459252
0.141995
0.121557
0.659587
0.138333
0
0
0.490495
0.810916
0.775129
0.296983
1.20542
1.33027
1.30726
1.49712
0
0.0687384
0.151222
0.678517
0
0
0
0.588132
0.282924
0
0.152093
0.670141
0.981213
1.07468
1.10191
1.35713
0.594814
0.925586
0.869289
1.347
0.365535
1.36868
0.31698
1.12931
0.695492
1.22051
1.33002
1.43741
1.14297
0.938752
0.995791
1.07134
0.766274
0.373638
0.773375
0.828409
0.86163
1.38262
1.17972
1.06871
0.42052
0.363388
0
0.310196
1.44489
0.350735
0.266873
0.184757
1.44807
0.381883
0
0
1.46748
0.362328
0.669419
0.107064
1.31846
0.22986
0.30858
0
0.821402
0.724583
0.773705
0.497114
0.608758
0.652877
0.75097
0.428202
0.251836
0.325107
0
0.423489
1.84447
1.79836
1.70523
1.64869
0.944067
0.972101
0.995722
1.56467
0.370791
0.0347349
0.195486
1.04489
0.0952796
0.617337
0.526556
1.36512
0
0
0
0.898687
0.0433206
0
0
0
0.250446
0
0
0
0.00313374
0
0
0
0.675948
0.45484
0.242923
0.723573
1.76833
1.0663
1.01467
0.834687
1.54838
0.860035
0.886779
0.509531
1.47532
0.874834
1.33429
0.927511
1.28532
0.169485
0.211817
0.172676
1.00673
0.664678
0.610002
0.636595
1.4128
0.856216
0.914804
0.32129
0.96618
1.43695
1.44079
0.454443
1.77688
1.20263
1.32791
1.52143
0.687381
0
0
0
0.662185
0.176877
0.0491468
0
0.767812
0.613421
0.102526
0.322056
0.563295
0.555278
0.515001
0.10401
0.646871
0.318783
0.332491
0.855637
0.809433
0.427024
0.158198
0.994162
0.7617
0
0.744088
0.686762
0.501293
0.290889
0.465701
1.02843
0.358942
0.282162
0.255277
0.536203
0.00501905
0.0353716
0.233414
0.382041
0.178475
0.381527
0.182156
0.302253
0.55032
0.0998531
0.0693958
0.329324
0.423302
0.100527
0.117055
0.656408
0.319564
0
0.104905
0.460103
0.231497
0.536783
0.294401
0.525617
1.1546
1.12261
1.08931
1.39722
1.41648
1.50431
1.40549
1.69089
0.324833
0.281189
0.919908
1.05574
1.12027
0.411904
0.711292
1.24243
0.788425
1.12184
0.759462
0.969328
0.293067
0.336895
0.533192
0.75223
0.353812
0.491013
0.378552
0.975103
0.764151
0.822802
0.3878
1.0331
0.532386
0.701062
0.569062
0.991131
0.897364
0.592827
0.582279
0.619779
0.880815
0.189944
0.166889
0.417473
0.587299
0.497121
1.1053
0.0188273
0.39845
0
0
0
0.812549
0.183733
0.113351
0.48452
0.496913
0
0
0.180205
0.290673
0
0
0.297505
0.352837
0.0765243
0.384362
0.985191
0.520719
0.457797
0.319632
0.370009
0.632224
0.854811
0.761921
0.483684
0.198451
0.730788
0.485555
0.625434
0.777723
0.816788
1.25248
1.18052
0
0
0
0.313844
0
0
0
0.14814
0
0
0
0.249672
0.552
0.410741
0.258197
0.501063
0.0171465
0.197408
0.365486
1.90315
0.00933792
0
0
1.7391
0
0.00891578
0.199147
1.87269
0.911536
1.06016
0.989394
1.9768
0.821544
0.499787
0.74422
1.83376
0.280965
0
0
1.6031
0.172988
0.492031
0
1.50963
0.196809
0.536825
0
1.70318
0.781817
0.873874
0.771035
0.611314
0.310685
0.854246
0.537252
0.321291
0.156776
0.32463
0.282853
0.0120635
0.312691
0.39701
0.438369
0.632224
0.648637
0.586333
0.492173
1.0107
0.539752
0.203101
0.493704
1.06133
0.496386
0.487535
0.698662
0.989384
0.765557
0.605876
0.577183
1.02236
0.173973
0.00589735
0.0332508
0.387908
0.142752
0.15338
0.808947
0.175988
0.0342591
0.601455
0.646987
0.421516
1.24437
1.46465
1.54396
1.29851
0.338559
0.288471
0.368521
1.2023
0.520553
0.310372
0.292346
1.23997
0.123609
0.730323
0.31795
1.03813
1.38644
1.37459
1.36239
2.10254
1.86818
0.450003
0.376339
0.315991
1.29757
0.404419
0
0.178086
1.02855
0.165849
0.785815
0.260605
1.75792
0
0.831471
0.362351
1.14739
0.657285
0.76079
0.729673
1.17199
0.583998
0.203143
0.255787
1.05754
0.434466
0.141087
0
1.10189
0.225873
0.398879
0.161142
1.94409
1.42624
1.28686
1.3491
1.29075
0.135884
0.178426
0.0837018
1.52482
0
0.550101
0.212256
1.47019
0.418044
0.778376
0.173633
0.887084
0.781027
0.765881
1.6374
0.00752109
0.247354
0.0181605
1.38699
0.187118
0.205767
0.324945
1.40459
0.0996055
0
0.079467
1.27198
1.20003
1.02992
0.937858
0.786409
0.388609
0.50989
0.324073
0.0978245
0.317867
0.202545
0.428505
0.344225
0.324015
0.566012
0.0195882
0.375657
0.818891
0.687719
0.831281
0.992024
0.494706
1.29044
0.54309
1.3242
0.86519
1.10115
0.104806
1.37532
1.31176
1.49632
1.56069
1.60581
1.17786
0.55658
0.528123
0.462151
0.737251
0.549168
0.800189
0.531643
0.904096
0.274715
0.739555
0.797391
1.22966
0.934308
1.06476
0.962886
1.55192
1.33879
1.31003
1.55007
0.193549
0.0259383
0.0275714
1.15528
0.172257
0
0.213566
1.16287
0.405935
0.177923
0.299778
1.2191
0.565205
0.666925
0.519104
2.02143
0
0.173134
0.0103477
1.55431
0.120906
0.266353
0.721845
1.61561
0.663947
1.01075
0.807111
1.44281
0.949017
0.671274
0.736284
0.855207
0.525511
0.155496
0.501656
0.406201
0.620237
0.266828
0
0.711079
1.15833
0.909204
0.807866
1.03545
0.688448
0.867051
0.715629
0.621898
0
0.14009
0.041551
0.21737
0.465905
0.00377849
0
0.0223489
0.402279
0.433803
0.454878
0.3894
0.0243312
0.021466
0
0.615407
0
0
0
0.425048
0
0
0
0.078937
1.51622
1.59731
1.64059
1.90898
0.651082
0.452044
0.450487
0.165436
0.848656
0.64548
0.844619
0.116156
1.12064
0.959409
0.459348
0.311543
0.666321
0.841762
0.640909
0.842406
0.721631
0.555422
0.647934
1.63707
0.838986
0.554605
0.796168
1.71215
0.413451
0.401987
0.983212
1.56774
0.195713
0.140674
0.25244
1.75497
0.266184
0.457829
0.443985
0.966707
0.287226
0.185033
0.225191
0.938267
0.485097
0.0521721
0.584466
0.916629
0.00134117
0.139222
0.686563
0.930037
1.96636
0.916591
0.83843
0.652501
1.66347
0.208148
0.180405
0
1.65556
0.0677721
0.124472
0
1.56369
0.0344201
0
0
0.131182
0.191634
0.381415
1.68535
0
0.015195
0
1.50295
0
0.562653
0.0080305
1.53777
0
0
0
1.51267
0.402887
0.554457
0.56083
1.07355
0.401074
0.250205
0.836445
0.957303
0.767789
0.599193
1.03134
0.801073
0.807015
0.694352
0.597012
1.23347
