0.66613
0.571672
0.720219
0.597643
0.624017
0.610037
0.576493
0.422914
0.646708
0.871906
0.723559
0.610124
0.718434
0.620408
0.800671
0.703596
0.72403
0.566305
0.741598
0.599713
0.6044
0.665502
0.525012
0.372696
0.525473
0.811754
0.72599
0.502732
0.617061
0.718303
0.753872
0.43958
0.920087
0.608145
0.424602
0.716661
0.45844
0.905382
0.650749
0.453707
0.725397
0.755768
0.368098
0.754161
0.486018
0.627984
0.702319
0.470753
0.630928
0.717139
1.18843
0.76216
0.274387
0.37952
0.549387
0.445618
0.688712
0.759892
0.767269
0.651992
0.700889
0.548681
0.694713
0.859418
1.30059
1.27399
1.25703
1.20825
1.27227
1.26932
1.07257
1.09448
1.0887
0.817696
0.735399
0.802212
0.791679
0.74436
0.858666
1.19691
1.25317
0.842247
0.660359
0.908191
0.79427
0.923129
0.797674
1.26631
1.10299
0.903668
1.03305
0.892971
0.843838
0.507909
0.699567
1.19344
0.982825
0.967989
0.817747
0.150602
0.0160482
0.540021
0.43408
1.05783
0.960836
0.565023
0.174681
0.178372
0.795964
0.706235
0.781759
1.12024
1.1416
0.737816
0.740085
0.69913
0.876846
0.760259
0.966548
1.07976
1.08952
0.776901
0.594913
0.585807
0.649523
0.580202
0.619547
1.10031
0.789831
0.695181
0.799577
0.888767
0.832796
0.918914
1.03429
1.02106
0.883087
0.82579
0.871336
0.963988
0.967654
0.939809
0.849296
1.03368
0.758812
0.755597
0.857494
0.874442
0.862529
1.00596
0.955686
0.988513
1.11137
0.87931
0.969034
0.890151
1.11326
0.754546
1.03774
1.0809
0.970164
1.12534
0.935796
1.09429
0.824822
1.19423
1.13639
1.16694
1.00168
1.06847
0.795068
1.24662
1.70761
0.781437
0.989109
1.23315
0.853494
0.914524
0.70654
0.820415
1.44304
0.812296
0.908697
1.0041
1.1374
1.06622
1.10923
1.17146
1.05453
1.15397
1.27266
1.27578
1.26288
1.00189
0.912247
1.00771
1.1151
0.98552
0.983681
1.04604
0.995834
1.02063
1.05606
0.975554
1.04679
1.03053
1.07933
1.15805
0.97455
0.745586
0.924083
1.0256
1.11321
0.888756
0.980043
1.00469
0.872278
0.571777
0.948199
0.927476
0.667117
0.858769
0.982055
1.00101
0.919444
0.880783
0.756322
0.836584
0.613664
0.793607
1.0919
1.09541
0.976297
1.07445
0.960443
0.748249
0.172743
0.985605
1.05328
1.03351
1.01419
1.02912
0.942404
0.854051
0.766194
0.827188
1.00315
1.012
1.0792
0.973728
0.963272
0.967864
0.997329
1.00327
1.00052
0.999372
1.10441
1.17364
1.11435
1.03841
0.959775
0.974889
1.00906
1.14514
0.942629
1.08276
1.23675
1.03875
1.03613
1.11402
1.10643
1.22558
1.03449
0.971081
0.980294
1.1457
1.27836
1.1948
1.0296
1.30552
0.862317
1.18332
1.15947
1.22445
1.13192
1.1531
1.06937
1.22448
0.779534
1.23504
0.869085
0.88682
1.16543
1.06527
0.94674
1.13171
0.946978
1.24663
1.04444
0.863288
1.72718
1.39493
1.20388
1.19059
1.10848
1.11623
1.08342
1.26499
1.53405
1.31041
1.01359
1.16746
0.810626
0.876636
0.80045
0.965268
0.752314
0.8667
0.84076
1.01109
0.927213
0.952003
1.16443
1.0137
1.02818
0.93189
0.953435
0.998672
1.14667
1.01944
1.05834
1.04023
0.998424
1.05743
1.13472
1.1768
1.14129
1.29802
1.14483
1.19382
0.947036
1.0744
0.974281
1.23646
1.17104
1.24278
1.0954
1.07588
0.859026
1.08943
0.962476
1.1043
1.22665
1.15834
1.45497
1.10087
0.77207
0.917502
1.00891
1.02624
1.14567
1.15452
1.09844
0.602846
1.33388
1.05449
1.0161
1.05934
1.19173
1.07333
1.14453
1.19592
1.24063
1.10827
1.22629
1.13617
0.930587
0.653476
0.666846
0.524682
0.669541
0.640617
0.603221
0.799319
0
0
0
0
0
0
0
0
0
0
0
0
0
0
0
0
0
0
0
0
0
0
0
0
0
0
0
0
0
0
0
0
0
0
0
0
0
0
0
0
0
0
0
0
0
0
0
0
0
0
0
0
0
0
0
0
0
0
0
0
0
0
0
0
1.00768
0.878215
0.923167
0.93124
0.901779
0.789075
0.870382
1.14561
0.594846
0.626201
0.63789
0.774073
0.677632
0.664507
0.614967
1.20867
0.574415
0.505926
0.525677
0.676468
0.662377
0.7239
0.642466
1.20046
0.411426
0.384001
0.480936
0.631179
0.605152
0.756054
0.640213
1.30174
0.532548
0.44942
0.0529872
0.252631
0.478005
0.67876
0.636826
1.19167
0.590309
0.690951
0.0859488
0.0518575
1.04373
0.866273
0.61687
1.21216
0.561975
0.673975
0.526425
0.559666
0.901326
0.858884
0.699145
1.18458
0.607319
0.60579
0.63046
0.621489
0.599866
0.571252
0.671379
1.18642
0
0
0
0
0
0
0
0
0
0
0
0
0
0
0
0
0.0229826
0
0
0
0
0
0
0
0
0
0
0
0
0
0
0
0
0
0
0
0
0.0130861
0
0
0
0
0.124112
0.281526
0.074628
0.0072457
0
0
0
0
0.125397
0.158477
0
0
0
0
0
0
0
0
0
0
0
0
0.474937
0.388947
0.503424
0.412492
0.387188
0.492696
0.541454
0.906773
0.425283
0.498839
0.299084
0.340597
0.355441
0.250777
0.375472
0.826303
0.222268
0.441088
0.303386
0.339743
0.39944
0.299803
0.243787
0.946127
0.431928
0.391844
0.542171
0.165711
0
0.461233
0.457541
0.853767
0.497748
0.507089
0.725893
0.0136844
0
0.473585
0.379142
0.886318
0.466153
0.51203
0.578765
0.230626
0
0.518742
0.281781
0.985638
0.459802
0.355302
0.690154
0.442743
0.320286
0.206821
0.110276
0.940783
0.717452
0.640595
0.707078
0.668937
0.647828
0.649008
0.578478
0.887701
0.424268
0.394809
0.586686
0.573259
0.563586
0.703606
0.728829
0.567276
0.497267
0.445306
0.416123
0.220558
0.280117
0.125513
0.0152473
0.0566944
0.351699
0.16386
0.163613
0.230669
0.194142
0.109957
0.232351
0.0597472
0.521588
0.213648
0.351824
0.743725
0.711474
0.431072
0.246657
0.207844
0
0.103742
0.385354
0.844874
0.0576002
0.147957
0.319621
0.19927
0
0.0525964
0
0
0
0
0
0
0.110241
0.213107
0.157491
0
0.0943894
0.449172
0.24544
0.110579
0.30873
0.210473
0.23911
0.0793943
0
0.166914
0.199384
0.13022
0.451156
0.56736
0.564535
0.529263
0.59887
0.433796
0.356407
0.441356
0.682213
0.551444
0.476987
0.467932
0.554455
0.712218
0.5946
0.610928
0.59855
0.780468
0.499086
0.913326
0.426924
0.717071
0.599847
0.89754
0.441186
0.689017
0.307079
0.880836
0.15902
1.03774
0.441988
0.971071
0.369121
0.972384
0.534788
0
0.539894
0.411455
0.177595
0.627904
0.471328
0.61912
0.60778
0.166213
0.850816
0.974441
0.518148
0.548918
0.511129
0.545885
0.515949
0.896527
0.901407
0.913458
0.983267
0.956522
1.19718
1.16424
0.997202
0.936277
0.979723
1.05532
1.02727
1.22616
0.741712
0.695066
0.595042
0.744356
0.681133
0.771628
0.736065
0.878524
0.890236
0.773252
0.718217
0.852325
0.815138
0.874654
0.814415
0.946533
0.909219
0.60435
0.750301
0.776453
0.806517
0.773132
0.881292
0.873908
1.13083
0.763987
0.796053
0.761051
0.937066
0.806998
0.918992
0.974522
1.26027
0.924551
0.851024
0.983391
0.43729
1.01597
1.02688
1.0031
1.17291
1.0673
0.916512
1.11114
1.03217
0.969803
1.07369
1.13091
1.10108
1.08415
1.0775
1.027
0.959347
0.516877
0.732205
0.974585
1.14186
1.02695
1.12285
1.09647
1.08833
1.04801
1.03023
1.09282
1.39574
1.33323
1.42487
1.61014
1.42664
1.68598
1.43199
1.70168
1.29538
0.814799
0.814768
0.820792
0.976317
0.842553
0.701614
0.775695
1.30356
1.01702
0.841984
0.806738
0.827715
0.681322
0.803883
0.767096
1.45098
0.668744
1.33482
1.15337
1.27467
0.914622
0.944761
0.905413
1.25365
0.640404
1.10062
0.836289
0.578359
0.0394943
0.834804
0.665334
1.03353
0.644566
0.4903
0.446523
0.33773
0.416628
0.292612
0.542494
1.22702
0.750195
0.646959
0.619502
0.52398
0.691688
0.757846
0.905177
1.20853
0.730034
0.690835
0.646429
0.618232
0.771688
0.840939
0.755158
0.928934
0.663997
0.737142
0.631251
0.871061
0.845444
0.932809
0.675481
0.905305
0.721112
0.854478
0.764858
0.72087
0.81548
0.793358
1.01828
0.877739
0.601777
0.636402
0.903511
0.619526
0.654915
0.775313
1.25651
1.09544
0.964642
0.709436
0.606516
0.498474
0.584234
0.63585
1.20538
0.928867
0.887867
0.729023
0.607828
0.663476
0.63313
0.381052
0.950247
0.987406
0.72962
0.942012
0.340035
0.847058
1.06487
0.497924
0.971913
0.974096
0.705196
0.744013
1.17057
1.02876
1.09349
0.932333
1.03441
1.08401
0.728434
0.729556
0.752904
0.741324
0.745391
0.924394
1.07965
0.821384
0.753613
0.78975
0.859544
0.772205
0.726349
0.692341
0.769144
0.94251
0.68191
0.613289
0.579613
0.709375
0.647488
0.609611
0.62803
0.836385
0.742454
0.625412
0.641763
0.705537
0.590708
0.678406
0.477714
0.936925
0.254346
0.925198
0.669559
0.754442
0.441869
0.767611
0.362394
1.03264
0.577802
1.12508
0.580952
0.0952668
0.576353
0.740768
0.383062
1.08064
0.713092
0.887317
0.644934
0
0.671306
0.474349
0.502854
0.927447
0.702482
0.753423
0.677779
0.732758
0.700493
0.622553
0.61082
0.867175
0.749121
0.680287
0.718614
0.815614
0.573243
0.669503
0.556448
0.805616
0.684824
0.944132
0.840491
0.731892
0.708577
0.792438
1.54562
0.672466
0.629313
0.763556
0.78179
0.718477
0.840311
0.831035
1.79726
0.715088
1.00524
1.0894
0.661561
0.704206
0.818946
0.869844
1.63545
0.476257
1.02235
0.916067
0.622663
0.567812
0.902239
0.849153
1.8118
0.707143
0.9416
0.542732
0.671213
1.70816
0.854654
1.01563
1.96374
0.80803
1.00264
0.874739
0.818867
1.86082
0.871287
0.992476
1.8847
0.80731
0.809453
0.962898
0.671446
1.13152
0.807796
0.714564
1.84448
0.782504
0.788186
0.771441
0.713679
0.760759
0.721926
0.578096
1.53826
0.773604
0.658878
0.842468
0.674672
0.651548
0.627311
0.611248
0.923559
0.831302
0.768574
0.76717
0.756649
0.606461
0.615737
0.839707
1.18713
1.00718
0.839258
0.89861
0.719557
0.588395
0.623584
0.684157
1.19845
0.942188
0.90224
0.716642
0.314785
0.253713
0.143205
0.543914
1.2746
1.02599
0.848087
0.276948
0
0.553584
1.08523
0.467567
1.21901
1.10014
0.845215
0.773965
0.608877
0.902793
1.1122
0.860616
1.20207
1.02175
0.732365
1.00338
1.21304
0.637572
1.05615
0.707854
1.10556
0.772785
0.772606
0.834976
0.746491
0.850014
0.84014
0.834233
1.04556
1.45087
1.41172
1.44568
1.45078
1.38313
1.43271
1.37487
1.45202
1.26285
1.1322
1.16215
1.09074
1.02701
0.986331
1.00929
1.15988
1.16887
1.2215
1.09468
1.10985
1.07821
1.07763
1.05517
1.13791
1.3169
1.07783
1.18851
1.14249
1.18238
1.05603
1.05982
1.06093
1.21388
1.1097
1.35809
1.20534
0.834248
0.85219
1.1358
1.21229
1.18924
0.963256
0.93142
0.366578
0.452198
0.950358
0.823408
1.05038
1.20279
1.02116
1.184
1.16877
1.16899
1.13818
0.976021
1.03092
1.1472
0.913744
0.943619
0.932618
0.983226
0.959749
0.83816
0.928602
0.360844
0.467298
0.375853
0.46031
0.423096
0.451201
0.446915
0.681431
0.322324
0.241825
0.491414
0.213217
0.285555
0.345579
0.214158
0.559494
0.51651
0.213366
0.51095
0.349102
0.240223
0.182917
0.283641
0.636447
0.300091
0.382415
0.133075
0.388467
0.282662
0.49117
0.289537
0.78938
0.134388
0.368617
0.100193
0.419109
0.863734
0.173807
0.167399
0.874191
0.0855648
0.0142206
0
0.314614
0.961112
0.260766
0.323205
0.546143
0.227169
0.16794
0.152729
0.095016
0.287952
0.330906
0.29788
0.602999
0.464999
0.397784
0.35725
0.346502
0.271812
0.411336
0.371726
0.688008
1.02489
0.983008
1.11823
1.2183
1.07057
1.43486
1.34949
1.69839
0.844807
0.877287
0.726503
0.744008
0.867427
0.802054
0.704437
1.01041
0.827946
0.75757
0.716169
0.92452
0.852547
0.779101
0.830262
0.962552
1.0882
0.852889
0.741666
1.20533
1.1874
0.956369
0.928059
1.0054
0.831156
0.815619
1.07252
0.97125
0.601092
0.841393
1.07749
1.24448
0.673315
0.759404
0.753159
0.84769
0.604029
0.536122
0.611397
0.982977
0.69039
0.687614
0.55014
0.567458
0.789924
0.790774
0.734387
1.00545
1.1966
0.992687
0.896937
1.04889
1.01874
1.09564
1.03777
1.22357
0
0
0
0
0
0
0
0
0
0
0
0
0
0
0
0
0
0
0
0
0
0
0
0.141106
0
0
0
0
0
0
0
0.0819811
0
0
0
0
0
0
0
0.0183158
0
0
0
0
0
0
0
0
0
0
0
0
0
0
0
0
0
0
0
0
0
0
0
0.136905
1.17584
1.14872
1.08586
1.11374
1.03901
0.954602
0.988192
1.27356
1.0054
0.827379
0.705182
0.884796
0.940202
0.957182
0.851136
0.938591
1.1187
0.782818
0.77159
0.688814
0.852336
0.886955
0.789962
0.922392
0.859318
0.800044
0.746363
0.650776
0.688958
0.843821
0.98605
0.970331
0.985159
0.852887
0.502122
0.622151
0.885679
0.58837
0.927264
0.968854
0.969212
0.941264
0.901481
1.01105
1.02572
0.57186
0.899084
1.02195
1.02528
0.87638
0.958918
0.661545
0.691696
0.458655
0.778402
0.967162
1.0857
1.08782
1.10204
0.944627
1.09207
1.05399
1.02839
1.14044
1.34862
1.02258
1.02505
1.09194
1.03587
1.02921
0.95156
1.12837
1.39612
1.20116
1.12781
1.09778
1.17977
1.16523
1.13669
1.16008
1.40603
1.25146
1.18377
1.03175
1.17861
1.03507
1.16554
1.09313
1.48279
1.05059
1.31695
1.06979
0.994032
0.895695
1.20884
1.16109
1.56757
1.2088
1.36578
1.09604
0.895535
1.14923
1.23865
1.21354
1.47328
1.16478
1.2542
1.24058
1.05413
1.30215
1.19453
1.21598
1.42347
1.1276
1.24357
1.43294
1.45129
1.15908
1.02203
1.09358
1.38571
0.862024
0.908561
0.857128
0.927825
0.860613
0.807785
0.991948
1.14292
1.12731
1.21874
1.27507
1.16586
1.34295
1.1408
1.10799
0.774255
0.847515
0.971891
1.03767
1.0743
1.0923
1.08468
1.12821
0.575688
0.799371
1.10595
1.16404
0.958168
0.97785
1.00381
1.12056
0.547217
0.669826
0.669999
0.695499
0.782659
0.886656
0.947691
0.915976
0.670862
0.803769
0.949019
0.470951
0.261409
0.650128
0.891806
0.82399
0.717272
0.824602
0.606202
0.203192
0.618206
0.530352
0.705442
1.03479
0.813386
0.933917
0.894845
0.81746
0.857384
0.777184
1.2029
1.05285
0.951503
1.08232
0.965349
0.964027
0.886274
0.913325
1.08834
1.02919
0.0697987
0.115252
0.0973689
0.0996148
0.121614
0.125302
0.202516
0.200552
0.109574
0.223321
0.179419
0.133251
0.0817015
0.0911589
0.18171
0.194838
0.181335
0.211934
0.368463
0.292917
0.260318
0.0878032
0.176467
0.295238
0.142093
0.499385
0.526246
0.287962
0.304429
0.372653
0.0643881
0.143243
0.084927
0.361894
0.137642
0.213465
0.530242
0.570072
0.0247597
0.0570882
0.109396
0.296329
0.604715
0.729583
0.766297
0.35127
0.208309
0.181402
0.0610402
0.0473103
0.494609
0.50528
0.441464
0.316047
0.205348
0.175409
0.454325
0.446936
0.465025
0.583175
0.53151
0.596953
0.502144
0.480207
1.25276
0.899401
0.931099
0.922134
0.9808
0.898899
0.96278
0.804195
1.46133
0.948152
0.840584
1.01169
0.950746
0.902249
0.957262
0.858257
1.36829
1.01034
1.15333
0.875045
0.920554
0.851065
1.01834
0.758032
1.76934
0.766585
1.0958
1.06877
0.819186
0.697338
0.879827
0.771562
1.76341
1.34413
1.66287
0.954962
0.618629
1.32032
1.05382
0.698157
1.75798
1.35775
1.61818
1.17033
0.420501
1.38785
0.844233
0.746624
1.43207
0.960377
1.13989
1.45532
0.978556
0.882417
0.882473
0.781244
1.73451
1.21368
1.36523
1.34613
1.40829
1.25316
1.20265
0.916808
0.929778
0.846683
0.937729
0.940374
0.89222
0.904626
0.837477
0.748374
0.766503
0.47728
0.575991
0.529771
0.453491
0.521053
0.523426
0.455595
0.849654
0.374224
0.50719
0.618564
0.34074
0.499085
0.47617
0.455652
0.66246
0.353491
0.779917
0.81358
0.743419
0.567087
0.488682
0.502294
0.44033
0.364527
0.561932
0.285186
0.0732838
0.0473156
0.190975
0.209818
0.49205
0.287042
0
0
0.584502
0.460668
0.318073
0.436373
0.745506
0.542729
0.494832
0.452175
0.82145
0.549534
0.593172
0.677396
0.630884
0.261582
0.147285
0.114663
0
0.0690384
0.179441
0.261804
0.945567
0.93257
0.957436
0.925342
0.898007
0.873173
0.897948
0.846882
0.627128
0.70096
0.623005
0.591719
0.526833
0.449347
0.574028
0.615502
0.730955
0.722221
0.506455
0.569559
0.528814
0.604716
0.536647
0.640229
0.481992
0.54522
0.525317
0.544519
0.54159
0.567954
0.4677
0.600704
0.338442
0.45509
0.440622
0.0269982
0.653371
0.443723
0.45152
0.479307
0.363349
0.385773
0.222987
0.144815
0.655803
0.68489
0.5517
0.564052
0.568393
0.510007
0.521418
0.39453
0.312561
0.615035
0.584183
0.6991
0.564198
0.604721
0.546668
0.531087
0.492541
0.538459
0.543635
0.687297
0
0
0
0
0.0783528
0
0.103263
0.246764
0.138915
0.137329
0.0961492
0.10489
0.0116042
0.0132181
0.0735143
0.339292
0.0485035
0
0
0
0
0.0638933
0.0263626
0.243047
0
0
0.0496477
0
0
0
0
0.0941281
0
0.0171255
0
0
0.089066
0.608866
0.0145536
0.257477
0.0937775
0.193404
0.617495
0.971337
0.381386
0.47968
0.297753
0.332044
0.00182869
0.0974352
0.160464
0.208438
0.069851
0
0
0.30351
1.30669
1.42131
1.47135
1.6948
1.63688
1.63986
1.53688
1.28309
0.268966
0.383642
0.379526
0.354305
0.362046
0.350836
0.410399
0.462656
0.337056
0.241526
0.19969
0.109685
0.100077
0.283764
0.238761
0.360743
0.151414
0.366484
0.187638
0.252196
0.109684
0.276269
0.261631
0.399245
0.110309
0.435556
0
0.113184
0.363316
0.35022
0.0302741
0.38685
0.0359413
0.235125
0
0
0.613438
0.484207
0.0169325
0.295078
0.111594
0.17403
0
0
0.70637
0.813891
0.301939
0.285289
0.220043
0.216042
0.0933493
0.0885823
0.174164
0.394394
0.248833
0.40808
0.523341
0.609943
0.581218
0.614016
0.554016
0.584293
0.536502
0.577389
0.877211
0.913907
0.936604
0.965742
0.984998
0.922582
0.951632
1.44039
0.613356
0.847315
0.856689
0.82761
0.807949
0.887544
0.841067
1.21959
0.803009
1.12996
0.747647
0.707415
0.865635
0.961765
0.844329
1.19242
0.676052
1.15438
0.440705
0.801567
0.925209
1.28581
0.899628
1.36529
0.675328
0.679209
0.559146
0.970199
1.30434
0.399681
0.808504
1.33399
0.660882
0.769112
0.711736
0.243335
0.990296
0.952687
0.836394
1.16123
0.715304
0.788796
0.791997
0.888597
0.556031
0.98611
0.851507
1.2201
0.727267
0.6906
0.607719
0.660494
0.619847
0.653607
0.83374
1.04439
1.02052
1.1568
1.00666
1.06482
1.10394
0.979463
1.10901
1.15419
0.986825
0.854826
1.07576
0.859258
0.852731
0.838338
0.917287
1.25695
0.976447
0.883626
1.00995
1.06503
0.777327
0.793756
0.934431
1.26794
0.915304
0.961919
0.544428
0.695655
0.72303
0.694214
0.791423
1.21084
0.858358
1.02736
0.705322
0.485633
0.772713
0.832271
0.633302
1.26799
0.902255
0.741173
0.5213
0.620755
1.06229
0.83875
0.911718
1.28251
1.03494
0.825337
0.918305
1.24927
1.31665
0.896916
1.0013
1.32927
0.85228
0.676662
0.722108
0.797571
0.75452
0.639637
0.619426
1.36249
0.657658
0.765407
0.713537
0.637055
0.685731
0.860593
0.660068
0.783063
0.65769
0.631327
0.697548
0.774638
0.721499
0.793609
0.715417
0.727366
0.517954
0.723556
0.724624
0.777548
0.762489
0.843095
0.68869
0.820211
0.580918
0.604224
0.698314
0.949752
0.981946
0.798473
0.690793
0.822661
0.717206
0.700719
0.830845
0.778397
0.811618
0.726264
0.60989
0.724729
0.58921
0.55877
0.867885
0.821749
0.739194
0.431626
0.784035
0.814499
0.601993
0.655491
0.729317
0.79255
1.03368
0.442629
0.787743
0.83884
0.63032
0.636918
0.608493
0.670644
0.663245
0.662172
0.685259
0.686599
0.994137
0.990442
0.901115
1.07324
0.927467
0.855924
0.950618
0.97934
0.652569
0.659385
0.66979
0.774853
0.734333
0.680208
0.622743
0.511899
0.871732
0.613627
0.414109
0.607337
0.636399
0.602417
0.64158
0.463147
0.545426
0.304153
0.718729
0.686241
0.784987
0.539976
0.773669
0.532485
0.615155
0.435946
0.235352
0.28321
0
0.53186
0.529539
0.542027
0.678921
0.669675
0.491553
0.430144
0.0735263
0.550232
0.647148
0.483863
0.668539
0.686736
0.521448
0.551718
0.381023
0.544759
0.628738
0.523961
0.594116
0.777381
0.79421
0.850478
0.777936
0.710557
0.728014
0.710205
0.0450348
0
0
0
0
0
0
0.0805369
0.120599
0
0.0532534
0.00572473
0.026134
0.0426035
0.0715767
0.153055
0.520231
0.177782
0
0.105042
0.101877
0
0.0579326
0.167796
0.133237
0.0828936
0
0
0
0.0249968
0.114529
0.353215
0.380806
0
0
0
0.502217
0.5256
0
0.0297596
0.363106
0.240286
0.352293
0.679851
0.160523
0.812629
0.175851
0.240001
0.364892
0.15731
0.266223
0.496193
0
0.509449
0.0528406
0.131033
0.495411
0.718092
0.731694
0.787567
0.720523
0.684557
0.694026
0.69866
0.291917
0.227093
0.370592
0.299886
0.224861
0.20565
0.353397
0.431462
0.247223
0.185187
0.195761
0.148094
0.109074
0.211397
0.0914095
0.360407
0.175439
0.148496
0.0960634
0.188909
0.0621061
0.228994
0.0972855
0.448755
0.253472
0.620734
0.247572
0.109395
0.137202
0.30186
0.0700158
0.404952
0.124894
0.376701
0.375862
0
0.295085
0.189706
0.109246
0.35599
0.124992
0.12542
0
0
0.39514
0.394988
0
0.303445
0.2545
0.181339
0.110418
0.164523
0.0190119
0.442333
0.297368
0.400653
0.144513
0.0575698
0.0589487
0.0504119
0
0.0872282
0.108131
0.298085
0.74672
0.622978
0.734743
0.721978
0.669691
0.601523
0.861697
0.758251
0.550576
0.958108
0.785281
0.681028
0.742378
0.734718
0.834618
0.704055
0.771644
0.874148
0.971469
0.795294
0.85667
0.823855
0.806509
0.642894
0.713843
1.01125
0.852167
0.74875
0.886986
0.971513
0.860902
0.77909
0.824442
0.969879
0.653355
0.724104
1.10237
0.924582
0.821581
0.859883
0.724988
0.717038
0.526428
0.240136
1.46436
0.944082
1.08606
0.674945
0.745462
0.785416
0.781737
0.755776
1.42049
0.974071
0.957199
0.572555
0.550262
0.397025
0.379827
0.229512
0.284133
0.417421
0.420098
0.489986
0
0.0767583
0
0
0
0
0.0941943
0
0
0.0514704
0.1618
0.0666332
0.241221
0.0182264
0.0665819
0
0.208939
0.110354
0.00985823
0
0.22419
0.27872
0.0504841
0
0.121618
0.0945285
0.260627
0.526205
0.787076
0.242185
0.200064
0
0.249602
0.290996
0.264979
0.455067
0.439939
0.414174
0.263731
0
0.159619
0.289622
0.787087
1.09459
0.108706
0.00685381
0.209612
0.0211939
0.0586775
0.184925
0.15741
0.550694
0.284622
0.0386182
0.13357
0
0.222103
0.0544165
0.160963
0.151731
0.142514
0.0924622
0.0483223
0
0.325191
0.233005
0.365579
0.387213
0.405269
0.560124
0.593497
0.638741
0.496688
0.498499
0.638057
0.599919
0.531024
0.350576
0.475834
0.686839
0.467958
0.514948
0.616504
0.418801
0.621013
0.57721
0.484984
0.556105
0.760126
0.413499
0.557238
0.564351
0.38975
0.432801
0.571597
0.57453
0.634089
0.216517
0.861499
0.638768
0.58734
0.724049
0.536996
0.671384
0.553676
0.656398
0.66575
0.545325
0.465005
0.642635
0.304297
0.526149
0.491608
0.428621
0.397591
0.62256
0.373787
0.302342
0.310686
0.518342
0.740778
0.69953
0.726211
0.751505
0.742059
0.746848
0.684962
0.618617
0
0
0
0
0
0
0
0
0
0
0
0
0
0
0
0.174976
0
0
0.00635592
0.0394051
0
0
0
0.213609
0
0
0
0
0
0
0
0
0
0.12767
0
0
0
0.234089
0
0.0601631
0
0
0
0.260927
0.103202
0.222821
0
0.133238
0
0
0.0258651
0
0.218596
0
0
0.152443
0
0.0275642
0
0.178931
0.245808
0.234294
0.347991
0.411317
1.38836
1.34596
1.27664
1.3251
1.28375
1.26319
1.34736
1.07804
0.986062
0.837141
1.04083
0.894151
0.870093
0.94684
0.808758
0.53884
1.2611
1.08668
0.681738
0.879007
0.724106
0.92948
0.698584
0.530121
0.625782
1.08156
0.790262
1.09405
0.998401
0.964393
0.951602
0.458687
0.849327
0.565016
0.44269
0.686591
0.725628
0.847892
0.886594
0.472347
0.853469
0.784705
0.456382
0.679364
0.504114
0.908663
0.892688
0.579626
0.858293
0.85024
0.675271
0.566192
0.372992
0.785084
0.669669
0.57229
0.772865
0.839038
0.705846
0.684318
0.721321
0.666207
0.643728
0.556451
0.185042
0.013008
0
0
0
0
0
0
0.0317618
0
0
0
0
0
0
0
0.349831
0
0
0
0
0
0
0
0
0
0
0
0
0
0
0
0
0
0
0
0
0
0
0
0.0635135
0
0
0
0
0
0
0
0.059108
0
0
0
0
0
0
0
0
0
0
0
0
0
0
0
0.682048
0.355658
0.272398
0.288797
0.197412
0.338251
0.271505
0.156632
0.764288
0.571133
0.450551
0.344401
0.403349
0.410259
0.366114
0.247236
0.677779
0.539693
0.23144
0.285564
0.332262
0.363554
0.411718
0.0906368
0.754753
0.250395
0.610918
0.165634
0.265395
0.0661308
0.268418
0.0924161
0.806591
0.254631
0.528357
0.132121
0.416829
0.775567
0.516689
0.195655
0.905323
0.563866
0.587752
0.709141
0.271129
0.854575
0.600096
0.367768
0.877143
0.570231
0.473927
0.620009
0.53103
0.43068
0.270634
0.19831
0.725277
0.564542
0.661928
0.642749
0.48862
0.496376
0.49708
0.421292
1.38394
1.28217
1.37622
1.44976
1.38483
1.28592
1.26855
1.42452
1.08548
1.14837
1.10884
1.14167
1.08811
1.08837
0.984127
0.891997
0.970673
1.07013
1.20065
1.02145
1.00827
1.0371
1.06535
1.10995
1.07438
0.929795
0.884411
0.983679
1.19857
0.971693
0.962376
1.04331
0.833576
0.867923
1.1221
0.935562
1.01038
0.636287
0.983811
0.973061
0.909488
0.93707
1.13696
0.654713
0.539555
0.792929
0.786546
0.858653
1.08117
1.05421
0.877271
0.990117
1.08397
1.11359
1.14068
1.1568
1.30851
1.28538
1.23012
1.18792
1.14272
1.27308
1.20802
1.09159
0.786663
1.09364
0.882861
0.9622
0.971919
1.09536
0.992975
1.10246
0.635167
0.811441
0.62758
0.636237
0.662948
0.592022
0.783299
0.93011
0.533449
0.785521
0.848961
0.818415
0.867033
0.635823
0.823954
0.968405
0.824249
0.847517
0.895646
0.776529
1.59047
1.39359
0.732949
0.94025
0.547632
0.705196
0.819833
1.04187
0.539444
1.3028
0.908175
1.10473
0.546372
0.519517
0.369914
1.34676
1.11459
0.562798
0.385663
0.975826
0.43763
0.720908
0.623022
0.627298
0.774109
0.607144
0.502748
0.863366
0.563414
0.658675
0.798116
0.799121
0.58383
0.681529
0.648023
1.11053
0.774807
0.462227
0.842388
0.665179
0.80167
0.752502
0.937108
0.602593
0.913958
0.706977
0.699525
0.699498
0.678895
0.679792
0.518693
0.492895
0.726833
0.540635
0.495156
0.751563
0.586566
0.599333
0.550973
0.472474
0.774464
0.474588
0.465636
0.586872
0.38257
0.530263
0.528769
0.386411
0.697095
0.414875
0.892806
0.381748
0.737776
0.523854
0.634694
0.313375
0.736195
0.619511
0.62059
0.636252
0.723539
0.664431
0.546757
0.241747
0.798281
0.600896
0.323817
0.57528
0.738126
0.670382
0.701266
0.396661
1.01727
1.0608
1.04067
1.08968
1.10782
1.10037
1.13637
0.849469
0.590672
0.480377
0.551041
0.545265
0.672027
0.5188
0.548914
0.820793
0.900168
0.663727
0.676127
0.719102
0.682571
0.794492
0.81207
0.999733
0.788501
0.83819
0.68269
0.77276
0.656101
0.663593
0.64757
1.05804
1.04712
0.781922
0.528177
0.399574
0.182713
0.703728
0.626717
0.980945
0.893896
0.696558
0.938579
0.820637
0.749127
0.871377
1.03771
1.03506
1.0086
0.944534
1.37045
1.53475
1.1351
0.985096
1.06804
1.03476
0.907698
0.755786
0.65649
0.644975
0.740537
0.646062
0.680765
1.07936
1.35419
1.21518
1.19741
1.11851
1.14497
1.22462
1.1783
1.05042
1.18864
1.00042
1.00844
1.02967
1.00013
0.971022
1.02143
1.13271
1.03154
0.988846
1.0082
0.955023
1.01469
1.11144
1.09498
1.33713
0.99295
0.970755
1.02618
1.02067
1.03619
1.01167
0.986063
1.32811
1.21759
0.990556
0.886713
0.843136
0.761047
0.836206
1.08075
1.3703
1.07368
1.06219
1.09634
1.06455
0.945607
1.06778
1.09557
1.32512
1.14003
1.08825
0.735916
0.496299
1.53094
1.01517
1.07735
1.34214
1.17454
1.13739
1.09557
0.975866
1.55061
1.0009
0.90886
1.34913
0.858008
0.86561
0.837688
0.770332
0.739784
0.705513
0.684134
1.19373
0.065471
0
0
0
0
0
0
0.350569
0.160435
0.099427
0
0
0
0
0
0.120512
0.09375
0
0
0
0
0
0
0.213134
0.158968
0.0106157
0
0
0
0
0
0.243646
0.120847
0.268342
0
0.100622
0.0110879
0.0437688
0
0.328398
0.101249
0.212943
0.0519241
0
0.0419421
0
0
0.1364
0.00666882
0
0
0.0201918
0
0
0
0.092736
0.181344
0
0.0132045
0.082778
0.0782902
0.0601399
0
0.173494
0.4778
0.472282
0.488139
0.469345
0.448439
0.412979
0.552907
0.58902
0.270248
0.315884
0.45559
0.22656
0.343511
0.397308
0.245931
0.331099
0.192844
0.183988
0.116215
0.264377
0.139182
0.3005
0.232267
0.429031
0.0372626
0
0
0
0.08466
0.502335
0.2835
0.496815
0
0.0344103
0
0
0.285369
0.25392
0.121444
0.406248
0
0.158692
0
0.187884
0.0727087
0.277075
0.209773
0.361221
0.14369
0.314023
0.219622
0.215597
0.204207
0.309487
0.395462
0.525954
0.597773
0.749883
0.795864
0.735277
0.647973
0.726429
0.768809
0.541632
1.06853
0.88816
0.829052
0.770676
0.868303
0.739795
0.874539
0.569518
0.901325
0.726803
0.820257
0.936785
0.908803
0.836402
0.80012
0.531425
0.972859
0.777736
0.748619
0.607112
0.831917
0.760338
0.756109
0.348215
0.863119
0.503484
0.577312
0.744929
0.536229
0.461178
0.70968
0.48429
0.931215
0.725044
0.486191
0.289082
0.1851
0.534594
0.60698
0.396491
1.00409
1.04462
0.785612
0.619052
0
0.584328
0.636159
0.54805
0.955401
0.803079
0.672611
0.642519
0.596488
0.774974
0.852498
0.411108
1.09892
1.18872
1.31197
1.11879
1.03861
0.978408
1.17416
1.01387
0
0.112528
0.153829
0.152568
0.156328
0.130924
0.20886
0.182785
0
0
0
0
0
0
0
0
0
0
0
0
0.0696005
0.177398
0.0642153
0
0
0.0329808
0.171908
0.396748
0.139443
0.125439
0.00711329
0.014627
0
0.308235
0.252216
0.219436
0
0
0
0.0580205
0
0
0
0
0.252704
0.378129
0
0.00814561
0
0
0.00488001
0.147346
0.35315
0.395208
0.406527
0
0
0
0
0
0
0
0
0
0.0857064
0
0
0
0
0
0
0
0.360158
0.0310557
0.0776438
0
0
0
0.0802495
0.0632685
0.610453
0.442782
0.28502
0.290631
0.0801684
0
0.126754
0
0.635801
0.0877159
0.851571
0
0.00772744
0
0
0
0.755303
0
0.708775
0.025476
0.0591154
0.911043
0.261942
0.0226394
0.68084
0.292428
0.918008
1.08955
0.851566
1.18599
0.204986
0.601423
0.514945
0.128347
0.40368
0.418098
0.757707
0.190631
0.103747
0.196104
0.419182
0.439433
0.547497
0.419692
0.598408
0.52608
0.500297
0.252103
1.08191
0.899839
0.928668
0.998367
0.927751
0.879058
0.921659
1.02022
0.801289
0.758428
0.735938
0.753391
0.874387
0.847322
0.880145
0.91272
0.754747
0.72144
0.641047
0.694274
0.902538
0.80268
0.846057
0.861848
0.650692
0.614473
0.558193
0.642284
0.641368
0.961096
0.900934
0.97708
0.697653
0.722264
0.279782
0.607165
0.614574
0.582377
0.852072
1.07046
0.635574
0.807196
0.49442
0.604168
0.467456
0.510739
0.773448
0.940262
0.778221
0.809702
0.819378
0.693254
0.742768
0.687001
0.838402
0.87286
0.880285
1.00716
0.916426
0.983721
0.999594
1.0835
1.13239
1.14846
0.584086
0.55476
0.612889
0.535108
0.513961
0.549894
0.658401
0.99574
0.766394
0.620796
0.778262
0.815745
0.764642
0.791558
0.793383
1.13424
0.674997
0.680535
0.91446
0.669349
0.712304
0.92569
0.71635
1.13392
0.671028
0.722335
0.664672
0.348074
0.508767
0.839444
0.742141
1.05447
0.756639
0.83729
0.431473
0.780414
0.849179
1.21819
0.850853
1.34763
0.891633
1.1044
0.647385
0.890476
0.812608
1.03956
1.00227
1.22247
0.765773
0.919162
0.845333
0.773513
0.794911
0.4083
0.723578
1.03483
0.737517
0.699333
0.782308
0.673989
0.576427
0.55834
0.601729
1.10322
0.809951
0.617974
0.747664
0.869486
0.713775
0.713914
0.916715
0.903938
1.01377
0.844333
0.795161
0.750321
0.691012
0.663066
0.710443
0.751431
0.836697
0.949028
0.983182
0.917305
1.05708
0.657171
0.809845
0.843075
1.23038
0.7173
1.2607
1.03363
0.944427
0.880769
0.571919
0.666409
1.16275
0.995428
1.60435
1.14314
0.635294
1.31296
1.05195
0.842036
1.10622
1.124
1.3696
1.25567
1.02071
1.20778
0.951782
0.642056
0.83855
0.772453
0.879181
1.16918
1.09303
0.770638
0.611292
0.733531
1.24554
1.10363
1.21364
1.33602
1.4302
1.29176
1.14559
0.712003
0.928718
0.921943
0.783736
0.862423
0.882308
0.750066
0.821034
1.19627
0.650047
0.567686
0.720577
0.748248
0.746406
0.808673
0.799457
1.32505
0.498468
0.588752
0.509127
0.639283
0.623559
0.848787
0.680837
1.12696
0.299332
0.5187
0.29213
0.448646
0.451697
0.673529
0.746224
1.14476
0.370395
0.563502
0.0091287
0.420552
0.770432
0.872187
0.680036
1.28274
0.509813
0.806782
0.42259
0.454626
0.538523
0.691217
1.06123
1.33351
0.550706
0.785431
0.718063
0.754866
0.463747
0.65559
0.686392
1.1496
0.628608
0.957229
0.930528
0.932015
1.03036
0.94407
1.06689
1.4671
1.65957
1.53316
1.42593
1.53774
1.53226
1.49355
1.33781
1.52398
1.67031
1.46026
1.33247
1.39355
1.47776
1.38505
1.29571
1.19418
1.66952
1.53997
1.36809
1.25022
1.3974
1.28038
1.37726
1.11662
1.77793
1.09139
1.2822
1.31612
1.47799
1.03946
1.36061
1.22005
1.78781
1.26722
1.52228
1.53233
1.30509
1.32446
1.3927
1.29594
1.75783
1.36694
1.70584
1.47349
0.611967
1.45407
1.23425
1.23203
1.71434
1.4334
1.34191
1.29742
1.13859
1.15423
1.30507
1.26165
1.65151
1.41998
1.36552
1.33756
1.35013
1.34613
1.33119
1.32491
1.2671
1.23605
1.31354
1.1151
1.16966
1.15361
1.0317
1.28778
0.9259
0.809593
0.895043
0.903851
0.792492
0.887082
0.916436
1.02143
1.02358
0.857644
0.805877
0.707226
0.864652
0.800856
0.877839
1.05597
0.87371
0.886064
0.651374
0.607521
0.922592
0.934233
0.733114
1.16967
0.927411
0.699519
0.364057
0.540443
0.782789
0.134403
0.487083
0.951562
0.789936
0.677529
0.111403
0
0.735703
0.864157
0.558212
0.952297
1.02078
0.843526
0.871783
0.723924
0.61602
1.08619
0.714939
1.06005
0.919144
0.578611
0.538167
0.584902
0.26373
0.488102
0.569736
0.98838
0.388999
0.532317
0.549064
0.421136
0.397189
0.429951
0.331951
0.870284
0.299964
0.517315
0.381398
0.426735
0.340081
0.377322
0.453597
1.04405
0.383384
0.525066
0.308743
0.328757
0.385235
0.375879
0.36099
1.04418
0.360144
0.559358
0.625302
0.282958
0.150112
0.568216
0.441882
1.02319
0.384324
0.452097
0.509167
0.39892
0
0.421766
0.280636
0.916972
0.435488
0.536868
0.22312
0
0.611922
0.755314
0.316303
0.891055
0.576329
0.517273
0.615998
0.483253
0.534932
0.887279
0.432829
1.01813
0.402396
0.217067
0.36688
0.205192
0.322215
0.123681
0.241189
0.920397
0.948786
0.717615
0.609072
0.672091
0.622
0.587865
0.706096
0.567174
0.74618
0.587889
0.581952
0.563545
0.579923
0.54571
0.542707
0.538013
0.589144
0.529764
0.264965
0.580033
0.521976
0.483588
0.511095
0.494671
0.693118
0.269494
0.412562
0.517424
0.653103
0.656311
0.553837
0.465925
0.63771
0.42511
0.398955
0.445922
0.463768
0.54886
0.547736
0.522716
0.564328
0.532653
0.428577
0.314783
0
0.550463
0.614798
0.658494
0.563911
0.636976
0.621719
0.436955
0.433268
0.230157
0.446018
0.512167
0.745538
0.847686
0.949697
0.897363
1.02447
0.906864
0.922755
0.878282
1.31298
1.39363
1.29637
1.28631
1.40924
1.17435
1.18096
1.13155
0.814774
0.829076
0.993118
1.03968
0.938348
0.993281
0.910746
0.768807
1.08115
0.796419
0.740149
0.994152
1.08916
1.00108
0.777779
0.67453
0.767596
0.907986
0.768178
1.04116
0.970959
1.14805
1.08133
0.825393
0.749769
0.865754
0.582976
0.923741
0.804555
0.892978
0.870205
0.758091
0.787133
1.02936
0.559409
0.585877
0.944094
1.03341
1.08
0.740538
0.815876
1.07061
0.767872
0.650104
0.863825
0.974436
0.909785
0.764304
0.952668
0.979434
0.794817
0.864901
0.764485
0.815564
0.846077
0.804736
0.457837
0.533981
0.545247
0.54285
0.681814
0.543355
0.612416
0.825182
0.217547
0.505521
0.452433
0.388861
0.434786
0.394216
0.373551
0.644608
0.538555
0.578915
0.467586
0.508111
0.354755
0.385765
0.324541
0.443029
0.508824
0.470885
0.538579
0.409347
0.535448
0.599744
0.544724
0.871447
0.253825
0.407731
0.443604
0.536914
0.30266
0.349319
0.492805
0.817084
0.0328251
0.166213
0.247213
0.539249
0.0286328
0.497129
0.256062
0.342296
0.214582
0.282726
0.298806
0.0766805
0
0.475695
0.442959
0.443884
0.516724
0.373368
0.337062
0.21165
0.350954
0.268344
0.45069
0.385158
0.937939
0.54666
0.625692
0.643431
0.700447
0.732672
0.679733
0.716417
0.909715
0.566767
0.439552
0.372912
0.404726
0.460575
0.549844
0.425242
0.898222
0.449115
0.433606
0.289639
0.469957
0.329063
0.530593
0.559984
0.935267
0.556625
0.217601
0.36099
0.467046
0.219006
0.344973
0.430712
0.989592
0.407071
0.746247
0.238017
0.336118
0.239353
0.374592
0.406069
0.953204
0.551096
0.607226
0.00908758
0
0.421268
0.268529
0.330022
0.910456
0.479232
0.441506
0.369913
0.4596
0.518847
0.433391
0.567248
0.907839
0.607105
0.585129
0.601342
0.543583
0.536619
0.552688
0.575508
1.06777
0.986567
0.967877
0.85057
1.01581
0.85041
0.852568
0.844471
0.845559
0.837187
0.892374
0.972057
0.928141
0.942978
0.911106
0.940042
0.940746
0.839102
0.697023
0.804224
0.832599
0.978509
0.751277
0.833865
0.736258
0.718768
0.812337
0.848617
0.572276
1.05177
1.01482
0.888175
0.89506
0.668852
0.652324
0.689494
0.919473
0.794322
0.852077
0.822996
0.974802
1.12977
0.816506
0.488391
0.720652
1.06384
1.03159
0.959358
0.998896
1.04721
0.916355
0.780393
0.674615
0.789114
0.847484
0.866833
1.08618
1.02658
0.888441
0.835274
0.908244
0.832098
0.886093
0.882547
1.04717
0.603281
0.610227
0.662458
0.6428
0.750562
0.615951
0.617386
1.06009
0.403427
0.352509
0.430021
0.380212
0.354376
0.258031
0.130464
1.02033
0.492137
0.316212
0.365649
0.388462
0.483758
0.404145
0.194898
1.24379
0.144618
0.914698
0.777488
0.782632
0.40674
0.386104
0.206969
1.11919
0.469286
1.12977
0.784965
0.39558
0
0.307198
0.112563
1.14689
0.442764
0.417106
0.0212291
0
0.372196
0.220244
0.21684
1.11318
0.433754
0.416757
0.45937
0.354211
0.398767
0.42034
0.264673
0.936692
0.232703
0.151231
0.279714
0.22184
0.29776
0.137889
0.00601817
0.849822
0.830349
0.791464
0.894515
0.835473
0.679324
0.756579
1.32311
0.545469
0.782129
0.673295
0.833048
0.703227
0.728171
0.840002
1.29815
0.687302
0.693583
0.640745
0.842213
0.801604
0.770502
0.738745
1.37541
0.506339
0.685267
0.647732
0.560601
0.178053
0.998171
0.749251
1.29368
0.532647
0.48447
0.0620774
0.321921
0.962274
1.04584
0.831463
1.39579
0.627761
0.839785
0.64799
0.786638
0.919942
0.769609
0.97337
1.30755
0.559029
0.713431
0.777382
0.686464
0.63175
0.539752
0.712002
1.34952
1.09231
1.28116
1.15579
1.30477
1.31929
1.33502
1.27497
1.3903
0.358078
0.479842
0.391147
0.484749
0.400908
0.450362
0.40464
0.562862
0
0
0
0
0
0
0
0
0
0
0
0
0.151853
0
0
0.0216428
0
0
0.178971
0.0570798
0.447092
0.0345629
0
0.0720367
0
0
0
0
0
0
0
0
0
0
0
0.0393066
0
0
0
0
0
0
0
0
0
0
0
0
0
0
0
0
0
0
0
0
1.00281
0.986063
0.811433
0.853563
0.764441
0.970186
0.962494
0.880462
0.753083
0.992575
0.956368
0.785531
0.818757
0.883602
0.88866
0.821816
1.01923
0.783681
0.889489
0.79227
0.910395
0.88483
0.917262
0.87294
1.2466
1.30491
0.99254
0.848254
0.949121
1.20221
0.927817
1.03382
0.768062
0.813142
0.502385
0.99181
1.08323
1.02676
0.944671
1.01969
0.868925
0.935502
0.537749
0.680784
1.53379
0.917353
0.850436
0.909814
0.788885
1.01944
0.881169
0.746184
1.46056
1.27131
0.733337
0.680874
0.980589
0.800979
0.86502
0.890148
0.845311
1.07232
0.778943
0.76468
0.837394
1.1023
0.937759
1.03622
1.05443
1.0238
1.12266
0.981601
0.942475
0.931069
0.772014
0.886679
0.90513
0.784291
0.719298
0.586933
0.768221
0.97957
1.06197
0.83756
0.858666
0.774156
0.881286
0.760443
1.13748
0.907946
0.729937
0.880251
1.13531
0.86259
0.865836
0.780845
0.936902
0.826233
1.18901
1.30992
0.999501
0.696554
1.04831
0.897834
0.814862
0.908727
1.20772
1.32345
0
0.773967
0.773499
0.524552
0.870332
0.810853
0.716388
0.514055
0.559093
0.704137
0.868417
0.690605
1.09026
1.06115
0.923269
0.879968
0.801029
1.00561
0.98611
0.856708
0.771222
0.446972
0.673168
0.749841
0.736716
0.58829
0.578405
1.39084
0.826425
0.691335
0.59249
0.691907
0.653662
0.635556
0.727514
1.28684
0.799646
0.573072
0.50628
0.721553
0.559771
0.503828
0.576642
1.36275
0.838867
0.786072
0.380444
0.268072
0
0.494634
0.441648
1.20443
0.91499
0.444158
0.454551
0.271212
0.488313
0.670026
0.571802
1.31596
0.882398
0.748758
0.847443
0.48989
0.668383
0.664223
0.634874
1.24937
0.827916
0.594761
0.76419
0.641579
0.501871
0.588849
0.540755
1.3054
0.91699
0.672268
0.660358
0.598544
0.780436
0.558708
0.787048
1.45242
0.888916
0.95238
0.844651
0.89017
0.797635
0.829753
0.732717
0.765056
0.479477
0.761944
0.668911
0.652801
0.769364
0.682992
0.707941
0.490031
0.688808
0.565012
0.718683
0.768491
0.726072
0.678535
0.641596
0.540451
0.620665
0.524954
0.730815
0.85324
0.72174
0.745733
0.831392
0.74925
0.421338
0.768386
0.862578
0.702911
0
1.0592
0.949147
0.608019
0.220381
0.662585
0.120863
0.362937
0.518036
0.73797
0.40345
0.551429
0.550196
0.665144
0.653934
0.509423
0.69091
0.864058
0.672776
0.524236
0.54977
0.598268
0.673025
0.521233
0.624701
0.588605
0.634678
0.590209
0
0.0823934
0.147287
0.180106
0.193562
0.172473
0.231912
0.647781
0
0.143889
0.185477
0.264933
0.209708
0.246506
0.264433
0.687888
0
0.0878405
0
0.276555
0.189395
0.344894
0.217036
0.768865
0
0.334922
0
0.0189209
0.102837
0.844201
0.394188
0.851904
0
0.213119
0
0.508641
1.27782
0.636313
0.452883
0.925809
0
0.272791
0
0.21896
1.3521
0.596204
0.514396
0.688966
0
0.182876
0.133466
0.138712
0.242392
0.534557
0.252369
0.757647
0.0112527
0.241853
0.213346
0.159764
0.235971
0.229317
0.416586
0.781412
0.62855
0.811034
0.709044
0.769138
0.952342
0.833305
0.754164
0.921947
0.640343
0.766085
0.714977
0.710878
0.659739
0.795274
0.751975
0.949067
0.54839
0.889298
0.850935
0.723256
0.708144
0.750609
0.893545
0.760813
0.603979
0.882976
0.484941
0.729231
0.726069
0.832384
0.661764
0.958383
0.542098
0.704021
0.666149
0.648016
0.728553
0.98137
0.726541
1.00067
0.588952
0.750527
0.930793
1.02752
0.589028
0.695228
0.644421
0.848591
0.47776
0.715448
0.630119
0.748116
0.842334
0.791615
0.699259
0.805824
0.992568
0.899174
1.05857
1.02391
1.00922
1.0501
0.913278
0.882591
1.01029
0.929493
0.705438
0.884459
0.832505
0.732005
0.953097
0.749964
0.557267
0.68667
0.903513
0.78058
0.65968
0.800481
0.649195
0.440463
0.585496
0.589633
0.418472
0.686218
0.670761
0.815074
0.726559
0.423144
0.36119
0.745935
0.621997
0.551159
0.589774
0.626328
0.816438
0.648478
0.353216
0.544746
0.034911
0.442046
0.63323
0.535629
0.599254
0.647295
0.439469
0.739648
0.222006
0.200055
1.21709
0.546913
0.756532
0.458337
0.589609
0.845612
0.563108
0.486465
1.11467
0.987367
0.764612
0.453565
0.399323
0.705609
0.507519
0.438182
0.259818
0.693126
0.572215
0.562061
0.095
0.00977309
0.0204041
0
0.0233175
0
0
0.0356473
0
0
0
0
0
0
0
0
0.0812382
0
0
0.0763774
0
0.103916
0
0.103783
0
0.0914026
0
0
0
0.0681364
0
0.0159931
0
0
0
0
0
0.197493
0
0
0.0133388
0.283463
0.437223
0.369763
0.0836014
0.339145
0.204445
0
0.0584974
0.0467735
0.123885
0.0569925
0
0.240897
0.179722
0.0356037
0.369091
0.217734
0.184449
0.15537
0.249725
0.122235
0.106982
0
0.617626
0.170329
0.255589
0.325675
0.27658
0.419209
0.29998
0.555456
0.984573
0.346249
0.201249
0.408486
0.3337
0.460008
0.519865
0.499635
0.752839
0.706047
0.593888
0.413741
0.408745
0.424753
0.400311
0.492172
0.937842
0.538046
0.224676
0
0.145561
0
0.218046
0.345414
0.859287
0.433868
0.378674
0.34139
0.961429
0.949147
0.615097
0.639712
1.004
0.834772
1.22528
1.08883
0.752796
0.735815
0.67718
0.747638
0.857634
0.419218
0.620814
0.684234
0.47319
0.443025
0.458428
0.416669
1.39236
1.28759
1.25337
1.22869
1.23791
1.2756
1.28613
1.25078
1.13802
1.13954
1.14187
1.05993
1.08484
1.15309
1.16237
1.13276
0.934378
0.842948
0.718217
0.766123
0.713973
0.751169
0.732929
0.871542
1.04487
0.979584
0.870577
0.699471
0.699893
0.770643
0.749342
0.993065
0.85004
0.865256
1.05731
0.792453
0.944668
0.754052
0.556507
0.888903
0.849231
0.692598
1.02841
0.248497
0.400366
0.414816
0.51602
0.735468
0.791175
0.583986
0.69664
0.21834
0.504773
0.852031
0.640219
0.79016
0.919469
0.814791
0.876182
0.703741
0.733607
1.01942
0.673466
0.969962
0.916591
0.468329
0.478936
0.38079
0.450269
0.279918
0.366029
0.711126
1.38611
1.17628
1.04994
1.20877
1.21351
1.08758
1.0841
1.15368
1.27746
0.840367
0.660304
0.711309
0.818897
0.722403
0.599147
0.574179
1.47852
0.877482
0.596509
0.791734
0.776046
0.781128
0.809313
0.550223
1.63092
0.521809
0.841049
0.879437
1.11585
0.395581
0.858779
0.805055
1.31929
0.706755
1.2541
0.738085
0
0.691128
0.840783
0.781829
1.14181
0.37034
0.427873
0.587485
0
0.479416
0.160601
0.549393
1.25992
0.71298
0.637464
0.51721
0.817244
0.777403
0.859329
0.780333
1.59873
0.764765
0.882177
0.875143
0.835851
0.763018
0.709412
0.620822
0
0
0
0
0
0
0
0
0
0
0
0
0
0
0
0
0
0
0
0
0
0
0
0
0
0
0
0
0
0
0
0
0
0
0
0
0
0
0
0
0
0
0
0
0
0
0
0
0
0
0
0
0
0
0
0
0
0
0
0
0
0
0
0
0.874409
0.715634
0.76395
0.816419
0.799299
0.645766
0.772789
1.14724
0.789171
0.532215
0.57878
0.67665
0.604443
0.613791
0.602115
1.08114
0.741565
0.608161
0.407402
0.595701
0.579923
0.584484
0.497635
1.14512
0.763825
0.557204
0.387139
0.473731
0.336421
0.689401
0.63313
1.10046
0.734175
0.357486
0.503295
0.448367
0.639584
0.587107
0.711432
1.11981
0.79007
0.668389
0.496741
0.356195
0.521773
0.71977
0.710607
1.11984
0.756055
0.653875
0.48792
0.514591
0.508361
0.505213
0.625172
1.09652
0.870975
0.730858
0.713702
0.735373
0.739202
0.703586
0.791319
1.12353
0.206026
0.0298645
0
0.00591194
0
0
0
0.151747
0
0
0
0
0
0
0.00535887
0.458565
0.186293
0
0
0
0
0
0
0.333826
0
0
0
0
0
0
0
0.345267
0
0
0
0
0
0
0
0.302905
0.0263095
0.0951266
0.496564
0.505306
0.544298
0.211719
0.192367
0.523609
0.0139224
0
0.335303
0.349255
0.283745
0
0.111019
0.394376
0.368248
0.453269
0.42474
0.350995
0.409855
0.558059
0.516977
0.800254
0.487498
0.505191
0.483858
0.319474
0.449685
0.357179
0.37858
0.172651
0.401197
0.128604
0.232145
0.34497
0.257577
0.201403
0.18608
0.381224
0.71929
0.32941
0
0.0897442
0.287225
0.265833
0.194308
0.263877
0.0690619
0.493005
0.180247
0.418166
0.112143
0.502994
0.283243
0.389398
0.254574
0.151996
0
0.00791735
0.45613
0.279277
0
0
0.213333
0.839212
0.386792
0.312422
0.582209
0.817539
0.514847
0.487896
0.518502
0.68038
0.816201
1.14418
0.257589
0.600432
0.523522
0.34494
0.4719
0.538389
0.475963
0.544645
0.537759
0.409782
0.341167
0.452978
1.06347
1.1994
1.26137
1.24264
1.3374
1.42849
1.37873
1.55086
0.393454
0.612773
0.61313
0.710648
0.571267
0.568087
0.549
0.789702
0.362904
0.404454
0.637582
0.798689
0.56502
0.53629
0.568867
0.970554
0.358721
0.581064
0.304694
0.645294
0.777553
0.913651
0.72495
0.968022
0.0549845
0.51468
0.275123
0.542538
0.48183
0.512064
0.570426
0.855054
0
0.330252
0
0.210765
0.467568
0.220624
0.282809
0.752406
0.220625
0.578871
0.503101
0.302724
0.444921
0.656033
0.666699
0.890608
0.376882
0.566262
0.482098
0.5033
0.534859
0.704808
0.770339
0.854178
1.18033
0.859444
0.726895
0.743062
0.778397
0.870587
0.765652
0.921225
1.20237
0.968291
0.792071
0.84746
0.857681
0.855361
0.907427
0.800875
1.24911
0.91496
0.726766
0.689031
0.884253
0.755604
0.767929
0.655028
1.19711
0.628518
0.620561
0.366897
0.448247
0.382614
0.811424
0.732047
1.23154
0.784911
0.445257
0.711445
0.667155
0.606628
0.79943
0.802967
1.25181
0.943728
1.07186
0.890694
0.403627
0.868146
0.896841
0.984185
1.29331
0.945948
1.0985
0.846801
0.66364
0.504051
0.738162
0.813419
1.16919
1.082
0.985212
0.929199
0.849724
0.859505
0.849611
0.986419
0.690207
0.606547
0.718042
0.515996
0.646984
0.607931
0.691419
0.59994
0.782581
0.625282
0.704921
0.544021
0.605402
0.579834
0.577045
0.759462
0.750306
0.441754
0.766237
0.784723
0.737954
0.615574
0.50625
0.895388
0.749738
0.685698
0.644944
0.760927
0.602714
0.609669
0.572016
0.790492
0.429602
0.754826
0.666506
0.510852
0.540958
0.889515
0.508052
0.87255
0.431204
0.492461
0
0.599383
1.30391
0.727853
0.57659
0.801482
0.615704
0.572782
0.423628
0.530784
0.941957
0.971234
0.624503
0.882515
0.248364
0.32979
0.241559
0.302407
0.15271
0.448495
0.289935
0.593695
0.849331
0.700619
0.690095
0.68285
0.727037
0.822117
0.849331
0.835428
0.844821
0.77478
0.518066
0.465603
0.429087
0.587985
0.540737
0.359406
0.633836
0.441193
0.50818
0.36089
0.450161
0.473329
0.545192
0.381936
0.906952
0.366547
0.221744
0.469172
0.962517
0.683197
0.407384
0.353966
0.936083
0.430133
0.455487
0.601683
0.407394
0.514428
0.460111
0.460399
0.991285
0.744503
0.430631
0.599829
0.432652
0.287617
0.497958
0.372292
0.777712
0.731493
0.458244
0.469815
0.364752
0.373065
0.371789
0.508117
1.32491
1.17927
1.27676
1.49354
1.24791
1.2221
1.23951
1.22435
0.578744
0.545536
0.830029
0.837828
0.823959
0.723672
0.952865
1.05413
0.725652
0.853994
0.825552
0.747223
0.791399
0.729697
0.79167
0.882736
0.476506
0.471989
0.497226
0.42908
0.675887
0.614471
0.848884
0.941376
0.605567
0.822824
0.370701
0.765826
0.620879
0.896823
0.740996
1.00556
0.604709
0.656655
0.464292
0.903619
0.751818
0.740026
0.859432
1.18706
0.635082
0.885265
0.687653
0.194341
0.954078
0.515854
0.745361
1.01119
0.655656
0.838269
0.778294
0.842128
0.954294
0.901947
0.683647
0.960377
0.784402
0.825983
0.96854
0.903225
0.921813
0.861627
0.891432
1.17793
0.26379
0.279486
0.329139
0.302457
0.331398
0.374254
0.318551
0.256703
0.219946
0.2377
0.23959
0.176625
0.202385
0.140803
0.106868
0.0544533
0.169174
0.250878
0.393962
0.300284
0.322436
0.288226
0.260329
0.0646315
0.29237
0.371927
0.578929
0.658916
0.692139
0.314643
0.222436
0.186426
0.233936
0.75659
1.00116
0.612157
0.406008
0.274552
0.199407
0.226159
0.139574
0.46436
0.0589269
0
0.0238078
0.316841
0
0
0.12279
0.141521
0.278146
0.343856
0.131994
0.356852
0.300974
0.0694306
0.129929
0.089293
0.170285
0.0813991
0.164749
0.29066
0.125101
0.00395007
0.982378
0.971814
1.03758
1.1055
1.13507
1.09581
1.16932
1.18292
0.982165
1.01758
1.10196
1.17997
1.10008
1.09745
0.980047
1.08839
0.820325
0.941849
0.879029
1.03367
1.10267
1.25672
1.10154
1.02387
1.11059
1.12646
0.874477
1.00561
0.832061
1.33107
1.16113
1.13352
1.01521
1.14567
1.06633
1.26482
1.0513
1.1456
1.25566
1.28539
0.976301
1.18441
0.81174
1.12272
1.29464
0.934657
1.08094
1.23292
0.982237
1.04155
1.02123
0.848284
1.14851
1.11619
0.857261
1.00791
0.937025
1.05319
1.14859
1.21077
1.14243
1.14086
1.07473
1.1113
0
0
0
0
0
0
0
0
0
0
0
0
0
0
0
0
0
0
0
0
0
0
0
0
0
0
0
0
0
0
0
0
0
0
0
0
0
0
0
0
0
0
0
0.437931
0.49929
0
0
0
0
0
0
0
0
0
0
0
0
0
0
0
0
0
0
0
1.06936
0.857029
0.822848
1.04956
0.810369
0.892685
0.932484
1.06143
1.0765
0.780306
0.914157
0.845174
0.980525
0.910476
0.941439
0.93628
0.933512
1.09398
0.946307
0.817638
0.827296
1.19125
1.03526
0.704435
1.12845
0.497012
0.905097
1.09556
1.2642
0.590796
0.884218
0.892169
1.09711
1.07527
1.17555
0.94254
0.986828
1.05754
0.972982
0.925324
0.974994
0.975129
1.01451
0.73436
0.661819
0.842423
0.720274
0.700331
1.01035
0.842379
0.953666
0.751645
0.900594
0.567194
0.895442
0.812631
1.12921
0.859201
1.03827
0.976729
0.931973
1.01316
0.95151
0.922015
0
0.0519041
0
0
0.010602
0.0421002
0.075989
0.0643209
0
0
0
0
0
0
0
0
0
0
0
0
0
0
0
0
0
0
0
0
0
0
0
0
0
0
0
0
0
0
0
0
0
0
0
0
0
0.099447
0
0.0783748
0
0
0
0
0
0
0
0.214191
0
0.00572266
0
0
0
0
0
0.0809362
0.181587
0.280556
0.35855
0.619305
0.450002
0.558915
0.360642
0.793366
0.430536
0.356149
0.339703
0.409527
0.263211
0.384332
0.340928
0.51393
0.19007
0.436338
0.23614
0.101252
0.404992
0.325896
0.551436
0.401356
0.470181
0.549933
0
0
0.686597
0.473422
0.350039
0.474575
0.365681
0.229782
0.45281
0.318045
0.710325
0.258378
0.493983
0.566873
0.609096
0.429239
0.592626
0.667687
0
0.497335
0.480436
0.258044
0.360152
0.329877
0.463165
0.418061
0.0764541
0.369873
0.378115
0.403824
1.05617
0.914519
0.817795
0.99167
0.920164
0.924207
0.835351
0.832229
1.33531
1.18179
1.11521
1.15067
1.25206
1.09065
1.04662
0.880268
1.18189
1.13431
1.15525
1.15559
1.15612
1.19394
1.14278
1.06526
1.23684
1.01062
1.00543
0.9296
1.19884
1.20384
1.02487
0.854855
1.14048
0.90332
1.11625
1.11185
1.16112
1.10832
1.29567
1.14728
1.03316
1.0286
0.837318
1.10434
0.778187
0.874517
1.13433
0.945974
1.05732
0.997277
0.78865
0.493334
0.388927
0.991247
1.14831
0.93857
1.20185
1.1958
1.04785
0.918455
0.961555
0.864805
1.10009
0.866863
1.08328
0.922072
0.866759
0.771656
0.788811
0.847944
0.855518
0.961121
0.211256
0.272317
0.411817
0.384897
0.512041
0.380443
0.42651
0.564964
0.413433
0.382057
0.577009
0.410025
0.381377
0.438588
0.550271
0.723552
0.303871
0.516688
0.618772
0.560343
0.356285
0.471348
0.540435
0.794889
0.412504
0.958179
0.69735
0.576101
0.487046
0.757143
0.382092
0.782231
0.456997
0.89662
0.392084
0.436284
0.961171
0.963567
0.51836
0.856174
0.407199
0.615781
0.712047
1.03925
1.2772
0.986283
0.600525
0.788211
0.343785
0.404748
0.824911
1.07385
0.945594
0.832936
0.5011
0.707824
0.448691
0.379143
0.459796
0.394003
0.408304
0.377199
0.464645
0.694248
0
0
0
0
0
0
0
0
0
0
0
0
0
0
0
0
0
0
0
0
0
0
0
0
0
0
0
0
0
0
0
0
0
0.18071
0.31966
0.264882
0
0
0
0
0
0
0.070443
0.00181018
0
0
0
0
0
0
0
0
0
0
0
0
0
0
0
0
0
0
0
0
0.0250802
0.10254
0.158317
0.172985
0.295629
0.0994435
0.272434
0.62666
0.00424892
0.171387
0.15056
0.156184
0.152146
0.118528
0.224757
0.658293
0
0.0928484
0.104144
0.155807
0.193203
0.230359
0.164457
0.757159
0
0.361892
0.112056
0
0
0.652874
0.222744
0.734379
0.0739762
0.195715
0
0
0.110692
0.518591
0.261092
0.840678
0.0205626
0.261199
0
0
0.550031
0.537745
0.212657
0.791302
0.0617135
0.159625
0.282073
0.0886592
0.420831
0.438867
0.188055
0.61662
0
0
0.0488839
0.0246912
0.109331
0
0.117006
0.702594
0.978371
0.648756
0.610664
0.623761
0.626612
0.763547
0.643694
0.747256
0.953634
0.705181
0.497741
0.518031
0.526454
0.425248
0.500032
0.481322
0.935562
0.735389
0.417946
0.434963
0.500835
0.468568
0.612575
0.290453
1.12739
0.348692
0.735863
0.699998
0.879526
0.196747
0.523708
0.566515
1.06279
0.719028
0.775892
0.505834
0.399573
0.550275
0.517658
0.566537
1.06057
0.689981
0.92363
0.93017
0
0.645427
0.401012
0.54028
0.956038
0.653683
0.44864
0.485828
0.413827
0.422403
0.474
0.585321
1.02577
0.514354
0.474605
0.452739
0.343102
0.323723
0.360945
0.34445
1.1146
1.16101
1.1296
1.20084
1.22597
1.04501
1.25645
1.35403
0.85529
0.717674
0.77535
0.793409
0.711857
0.732723
0.740872
0.916458
0.861902
0.640121
0.832064
0.713408
0.719119
0.697651
0.811761
0.990329
0.990616
1.07622
0.406625
0.704035
0.510409
0.882162
0.70659
1.02008
0.678291
1.07932
0.299618
0.712141
0.544784
0.504001
0.714981
1.0797
0.541171
0.76666
0.244915
0.626234
0.888037
0.257672
0.581061
0.885278
0.785011
0.710141
0.683958
0.754949
1.02959
0.557533
0.662183
0.995378
1.03921
0.888678
0.879435
0.894236
0.865722
0.842921
0.89906
1.10223
0
0
0
0
0
0
0
0
0
0
0
0
0
0
0
0
0
0
0
0
0
0
0
0
0
0
0
0
0
0
0
0
0
0
0
0
0
0
0
0
0
0
0
0.0371291
0
0.0510438
0
0
0
0
0
0
0
0
0
0
0
0
0
0
0
0
0
0
0.474871
0.45762
0.520721
0.595963
0.5204
0.581788
0.622548
0.944214
0.479022
0.53576
0.673952
0.594794
0.628016
0.569464
0.681048
0.832286
0.385909
0.431022
0.702168
0.571294
0.735741
0.543475
0.681778
0.822217
0.752883
0.846265
0.311009
0.550791
0.556806
0.815757
0.683389
1.08525
0.683758
0.826482
0.340694
0.761326
1.09338
0.712813
0.813358
1.0894
0.520418
0.701907
0.454085
0.510979
0.810352
0.578554
0.574908
0.825519
0.535683
0.562689
0.595744
0.623871
0.559152
0.900256
0.492059
0.808873
0.388314
0.4776
0.533402
0.398761
0.408775
0.666295
0.567201
0.704082
0.936368
0.56602
0.507111
0.476925
0.394779
0.376546
0.381296
0.631796
0.768176
0.480617
0.400051
0.291875
0.338071
0.346982
0.393622
0.529976
0.750557
0.419506
0.388143
0.401795
0.313471
0.250828
0.236756
0.538123
0.738104
0.440386
0.282902
0.000662101
0
0
0.150944
0.513329
0.693365
0.430721
0.222343
0
0
0.363376
0.0646562
0.429455
0.789087
0.481501
0.173064
0.254336
0.270682
0.44738
0.238198
0.498212
0.836881
0.359654
0.430244
0.4118
0.467567
0.509163
0.265505
0.493196
1.19689
1.19739
1.23373
1.14392
1.10444
1.11025
1.18567
1.47077
0.929239
1.05867
1.14228
1.09748
1.08243
1.17971
0.935763
1.38645
0.837831
0.745205
0.682883
0.686291
0.649845
0.580999
0.659834
1.1785
0.661977
0.736612
0.696086
0.706594
0.680403
0.604903
0.615682
1.09725
0.837877
0.638098
0.54363
0.503131
0.283349
0.835923
0.585507
1.15348
0.736864
0.66874
0.388537
0.0581104
0
0.164324
0.323357
0.813618
0.821558
0.779632
0.348186
0
0.111377
0.558606
0.374901
0.954363
0.773479
0.678658
0.68519
0.640773
0.291879
0.721768
0.657995
1.16388
1.0086
0.485611
0.500158
0.378842
0.435478
0.25565
0.325523
0.864189
0.628421
0.428889
0.552326
0.413943
0.452539
0.473941
0.465432
0.268278
0.923385
0.584644
0.443881
0.441771
0.46376
0.436597
0.4853
0.632418
0.966598
0.671898
0.635091
0.490356
0.376352
0.304954
0.437791
0.579999
1.23449
0.917571
1.39084
0.513988
0.486128
0.501614
0.431554
0.705399
1.20798
0.489053
1.36608
0.202632
0.598796
0.660079
0.370297
0.326521
1.15052
0.507067
1.046
0.220855
0.131557
1.07831
0.534749
0.683506
0.922132
0.423274
0.785586
0.689306
0.708204
0.648453
0.622104
0.618037
0.862483
0.116471
0.218259
0.0318974
0.258461
0
0.125346
0.101302
0.174329
0
0.106955
0.0862974
0
0
0.159717
0
0.121344
0
0
0
0
0
0
0
0.0712006
0
0
0
0
0
0
0.233601
0.23088
0
0.0458737
0
0
0
0
0.118189
0.0726145
0
0.0106406
0
0
0
0
0
0
0
0
0
0.0287305
0.187026
0
0
0.0916722
0
0
0
0.147881
0.159758
0
0.0770592
0.186605
0
0
0
0
0
0
0.111423
0.368651
0.400918
0.331052
0.203834
0.237742
0.358459
0.426549
0.568299
0.353068
0.570056
0.606581
0.499614
0.398432
0.383115
0.45025
0.506214
0.668242
0.536034
0.282067
0.569368
0.591872
0.329314
0.347869
0.507226
0.521398
0.161815
0.398393
0.17823
0
0.467751
0.498003
0.521556
0.387164
0.0742522
0
0
0.508884
0.332727
0.291691
0.475814
0.554706
0.530881
0.614254
0.720167
0.0867282
0.832475
0.680816
0.773452
0.490471
0.389548
0.35945
0.530998
0.456617
0.539988
0.44106
0.580444
1.07861
1.41869
1.39858
1.37373
1.38284
1.37472
1.28945
1.11044
0.840052
0.929267
0.868313
0.776726
0.84901
0.852014
0.863198
0.645971
0.724778
0.93063
0.814494
0.635101
0.781335
0.734729
0.742455
0.702647
0.938661
1.08795
0.732715
0.646942
0.762683
0.859694
0.720821
0.676155
0.49656
1.28154
1.26931
0.870454
0.820557
1.03823
0.681971
0.722435
0.650152
1.49931
1.41054
0.431852
1.03365
0.890863
0.715987
0.611813
0.649664
1.41172
1.18166
0.563459
0.49777
1.43071
0.691266
0.695695
0.74084
0.997181
1.14799
1.04844
0.617645
1.11804
0.730021
0.592127
0.550049
0.779894
0.916355
0.626449
0.654385
0.582724
0.531558
0.547851
0.4159
0.522878
0.544757
0.525223
0.521073
0.519586
0.49859
0.800462
0.215924
0.505993
0.645252
0.548822
0.609442
0.592435
0.526656
0.801034
0.618497
0.463226
0.479315
0.633668
0.583193
0.637043
0.498458
0.881209
0.390235
0.497803
0.467613
0.764715
0.818819
0.913481
0.67262
0.984473
0.394297
0.539353
0.320807
0.731661
0.500746
0.427127
0.483122
0.940529
0.244172
0.373763
0.272993
0.280692
0.499608
0.732319
0.404212
0.793363
0.333203
0.51155
0.632789
1.01623
0.919806
0.506186
0.528506
0.814848
0.049126
0.127361
0.0961731
0.182449
0.245889
0.139528
0.262929
0.639434
1.2393
0.723314
0.769726
0.796514
0.673487
0.800988
0.563609
0.668422
1.19691
0.452188
0.526465
0.303016
0.421768
0.366048
0.310772
0.232967
1.36552
0.546406
0.620169
0.521107
0.371024
0.25679
0.460705
0.164551
1.40298
0.389504
0.996996
0.599859
0.871574
0
0.237207
0.0561739
1.22829
0.637998
1.22454
0.167262
0.0790449
0.0934499
0.318736
0
1.06386
0.326843
0.644719
0.212399
0.318384
0.332151
0.123636
0.0930415
1.08358
0.240295
0.288719
0.344336
0.267926
0.456898
0.343741
0.262916
1.21145
0.426204
0.437988
0.401859
0.35478
0.446903
0.312346
0.194292
1.36276
1.37569
1.38895
1.4318
1.35113
1.52832
1.36651
1.45944
0.651759
0.737835
0.806979
0.779452
0.73885
0.619023
0.623915
0.542087
0.937705
0.667512
0.699479
0.76535
0.723859
0.64453
0.719441
0.640047
0.829613
0.519332
0.898897
0.785043
1.36964
0.842665
0.775836
0.644418
0.719792
0.3483
0.550737
0.637903
0.601166
0.296338
0.573246
0.552435
0.437603
0.399022
0.177634
0.446342
0.63958
0.591797
0.568514
0.543618
0.706738
0.676292
0.573991
0.289206
0.376421
0.619905
0.575996
0.576075
0.770801
0.687654
0.539231
0.576928
0.590916
0.532814
0.570318
0.471914
0.665541
0.767259
0.773193
0.692321
0.634684
0.644834
0.668722
0.709446
0.726056
0.603761
0.67525
0.784928
0.691677
0.76675
0.620567
0.465907
0.824187
1.17988
0.387383
0.70021
0.622318
0.791851
0.607396
0.48449
0.628053
0.683254
0.516647
0.684862
0.804129
0.946966
0.772992
0.310572
0.67298
0.467329
0.682776
0.525721
1.00053
0.506301
0.716446
0.134031
0.882455
0.834637
0.778943
0.385006
0.589694
0.947511
0.733511
0.533104
0.835393
0.873252
0.72923
0.672263
0.545898
0.922774
0.647852
0.557926
0.464702
0.582398
0.410274
0.285426
0.289884
0.259665
0.488683
0.258753
0.057971
0
0
0
0
0
0
0
0
0
0
0
0
0
0
0
0
0
0
0
0
0
0
0
0
0
0
0.0545018
0.0588011
0
0
0
0
0
0
0
0
0
0
0
0
0
0
0
0.731766
0.017957
0
0
0
0
0
0.181404
0.27922
0.0712896
0
0
0
0
0
0
0
0
0
0
0.916302
0.314505
0.223863
0.463837
0.500854
0.43814
0.490087
0.647598
1.13703
0.606405
0.459106
0.610867
0.60465
0.532086
0.556843
0.714201
0.979914
0.483599
0.457947
0.421659
0.499727
0.577143
0.698107
0.463068
1.23558
0.64369
0.399743
0.253245
0.345655
0.208402
0.625657
0.506996
1.10882
0.744347
0.659751
0.857273
0.630134
0.943847
0.837129
0.905165
1.27777
0.854728
0.967886
0.983157
0.735867
0.837026
0.88827
0.913988
0.992699
0.626512
0.646766
0.851888
0.854967
0.407102
0.366558
0.448043
1.13464
0.961973
1.15454
1.12869
1.12199
1.13506
1.02965
1.04079
0
0
0
0
0
0
0
0
0
0
0
0
0
0
0
0
0
0
0
0
0
0
0
0
0
0
0
0
0
0
0
0
0
0
0
0
0
0
0
0
0
0
0
0
0
0
0
0
0
0
0
0
0
0
0
0
0
0
0
0
0
0
0
0
0.249101
0.265083
0.117694
0
0
0
0
0.062649
0.0284526
0.113182
0
0
0
0
0.0847686
0.21849
0.299585
0.158678
0.190484
0
0.0276572
0
0.0342326
0.210893
0
0.239567
0.431196
0
0
0
0
0.0164047
0.156246
0
0
0
0.314703
0.252825
0
0.0885727
0.333507
0.377573
0.529904
0.695109
0.484986
0.476695
0.167465
0.550101
0.285742
0.29791
0.481839
0.315305
0
0.538527
0.0882328
0.0352245
0.214168
0.220234
0.104422
0.170539
0.280852
0.149013
0.147491
0.242026
0.497562
0.46367
0.40997
0.388691
0.394877
0.398528
0.423271
0.674437
0.54972
0.445003
0.404764
0.524768
0.556899
0.671974
0.628131
0.749119
0.466068
0.425773
0.311409
0.350241
0.500003
0.566606
0.532862
0.76109
0.30212
0.360458
0.0863881
0.233297
0.142364
0.546404
0.591824
0.791424
0.353042
0.374711
0
0.131956
0.724333
0.780296
0.494888
0.704645
0.565207
0.642353
0.681121
0.464014
0.422376
0.676894
0.747234
0.79776
0.559071
0.65591
0.649725
0.483144
0.313503
0.334864
0.627889
0.738665
0.71434
0.81236
0.76535
0.709685
0.685789
0.750643
0.837716
0.825417
0.586022
0.687949
0.565898
0.616048
0.491713
0.549931
0.438054
0.679688
0.566042
0.628697
0.527877
0.476064
0.497873
0.403212
0.599885
0.566251
0.676665
0.559475
0.521905
0.385987
0.640644
0.410097
0.634482
0.615566
0.743172
0.542363
0.756809
0.646698
0.735901
0.601333
0.669771
0.664104
0.755046
0.610229
0.757491
0.74083
0.516296
0.581785
0.628717
0.760506
0.737732
0.46969
0.360772
0
0.194978
0.748389
0.470804
0.518961
0.663379
0.561917
0.560882
0.482609
0.604177
0.724706
0.399456
0.572337
0.802677
0.576302
0.677224
0.672701
0.607976
0.479672
0.455985
0.527909
0.257645
0.458718
0.487868
0.41548
0.539301
0.513545
0.502543
0.374285
0.373078
0.394018
0.377691
0.410234
0.451059
0.446572
0.476705
0.534804
0.341547
0.337084
0.319794
0.492148
0.336414
0.541205
0.417655
0.650398
0.319028
0.6411
0.593743
0.68147
0.588743
0.477255
0.504482
0.541548
0.2627
0.480767
0.466168
0.579673
0.317465
0.732103
0.539531
0.478951
0.246213
0.48193
0
0.638403
1.02145
0.581145
0.442378
0.519583
0.384004
0.476984
0.464788
0.5514
0.826483
0.473107
0.537824
0.606096
0.639888
0.797453
0.743629
0.779506
0.706844
0.850223
0.883462
0.889288
0.812803
0.894224
0.766742
0.805405
0.850726
0.780428
0.786802
0.832348
0.908183
0.761618
0.915104
0.939637
0.990001
0.954643
0.926807
0.993545
0.991763
0.792443
0.862266
0.91026
1.00248
0.945939
0.96422
0.842241
0.921652
0.674477
0.571503
0.801862
0.681531
0.897691
1.0238
1.0027
0.973259
0.97125
0.963602
1.06909
0.828564
0.849211
1.12523
1.11339
0.967405
1.13386
1.14197
1.15029
0.37095
0.815508
1.14278
1.08136
0.898839
1.01935
0.878995
0.911598
0.919547
0.762439
0.971879
0.775246
1.07321
1.04253
1.06527
1.07853
1.08635
1.12324
1.15408
1.0482
1.08456
1.16611
1.21568
1.01361
1.17159
1.04127
1.1458
1.35458
0.693399
0.762895
0.856361
0.90981
0.879514
0.875936
0.759914
0.880048
0.847724
0.780736
0.516352
0.858373
0.806661
1.05448
0.808184
0.942014
0.441396
0.827477
0.631977
0.830023
0.729133
1.30248
1.02873
0.997543
0.488076
0.698324
0.443332
0.844803
0.685309
0.753794
0.817092
0.909834
0.433888
0.946699
0.413169
0
0.616095
1.21133
0.740095
0.787395
0.735816
0.947094
0.759745
0.741649
0.489508
0.938826
0.922253
0.823558
0.648667
0.776239
0.709788
0.700161
0.654186
0.765829
0.834681
0.843117
0.886301
0.181467
0.216481
0.206334
0.167985
0.196205
0.00186919
0.0322229
0.902929
0.158936
0.0245471
0.00554115
0.0795916
0.103305
0
0
0.79217
0.240041
0.0660851
0.0516935
0
0.0173542
0
0
0.901138
0.068654
0.307806
0.168134
0.402081
0
0
0
0.87545
0.452333
0.523563
0
0.00431941
0
0
0
1.0236
0.306284
0.388321
0.153649
0
0.108175
0
0
0.955926
0.145167
0.0761876
0.158214
0.0429332
0.0246308
0.104631
0.0633322
0.948076
0.185242
0.202447
0.227164
0.0973035
0.150669
0.0523146
0.141353
1.16476
0.722138
0.821688
0.781366
0.788841
0.824359
0.57611
0.588197
1.06448
0.553949
0.484634
0.546479
0.590482
0.532868
0.503464
0.295076
1.08475
0.652644
0.520223
0.447695
0.502565
0.565323
0.593988
0.289182
1.24223
0.214232
0.904508
0.775256
0.819685
0.287269
0.511967
0.282092
1.13502
0.565974
1.04572
0.644686
0.226937
0.254007
0.452448
0.162045
1.12101
0.508911
0.672826
0.21109
0.0877787
0.602265
0.378774
0.225851
1.08863
0.689813
0.608389
0.541748
0.579783
0.389147
0.541999
0.339599
0.963089
0.391806
0.397515
0.281367
0.392244
0.324246
0.225034
0.0862134
0
0.114079
0.23438
0.425773
0.386538
0.282713
0.368472
1.13237
0.203421
0.237482
0.360261
0.511423
0.428421
0.446011
0.424514
1.04343
0.163648
0.272817
0.255085
0.529288
0.326332
0.73926
0.43005
1.15854
0.176791
0.330876
0.0707884
0.425024
0.0821455
0.923419
0.543008
1.19392
0.278428
0.485466
0.0356564
0.620591
0.814741
0.932549
0.669459
1.36291
0.296545
0.515221
0.0991328
0.344454
1.061
0.605033
0.693286
1.25325
0.257052
0.426395
0.375308
0.296381
0.547874
0.446268
0.459114
1.11531
0.496558
0.534165
0.521657
0.531398
0.590376
0.601365
0.719959
1.18059
1.1728
1.19506
1.25631
1.13022
1.1256
1.03097
1.06165
1.05892
0.654441
0.280841
0.633573
0.616032
0.53072
0.601867
0.5436
0.846504
0.745358
0.586584
0.536841
0.653126
0.67916
0.701803
0.491943
0.793809
0.610364
0.471309
0.491764
0.592931
0.647882
0.662812
0.556688
0.757958
0.558479
0.705934
0.143582
0.14664
0.426859
0.167994
0.365044
0.713184
0.586863
0.543663
0
0.234008
0.811196
0.65448
0.729925
0.781337
0.777036
0.691383
0.470157
0.390836
0.71443
0.519438
0.768365
0.838477
0.775208
0.619396
0.511593
0.488377
0.477895
0.550601
0.548968
0.76229
1.28143
1.06427
1.13804
1.05501
1.14507
1.1424
1.28621
1.33685
1.54206
1.17846
0.993561
0.960248
1.05665
0.922048
0.900307
1.04373
1.6125
1.27289
1.03298
0.896507
1.02244
0.978617
0.991752
0.958238
1.62441
1.28024
1.3288
0.986512
1.15735
1.22503
1.12086
1.13727
1.58508
0.813452
1.69157
1.23168
0.949198
0.80474
1.04059
1.30189
1.48082
1.01835
1.50619
0.915459
0.459449
1.28331
0.824156
0.992108
1.46522
0.957744
1.20869
1.05426
1.0051
1.46232
1.00009
0.921628
1.58615
1.03895
1.11932
1.10874
1.08263
1.0509
1.01725
0.954517
0.822789
0.796205
0.833399
0.540388
0.71483
0.631488
0.612768
0.658029
0.601721
0.485873
0.652121
0.698281
0.538232
0.667016
0.711572
0.851122
0.780096
0.416241
0.915916
0.801916
0.839654
0.592719
0.518134
0.721728
0.321088
0.550961
0.633079
0.667519
0.654055
0.387351
0.678885
0.277483
0.651417
0.747308
0.289299
0.17957
0.716825
0.517657
0.41834
0.446066
0.707798
0.522876
0.620358
1.14349
0.6374
0.285851
0.687073
0.67475
0.546986
0.598173
0.798382
0.415257
0.683112
0.353079
0.613073
0.676587
0.739645
0.62129
0.542569
0.597768
0.679313
0.657893
0.586294
0.805465
