-6.383895874023437500e-01
-1.789947748184204102e+00
-7.259957194328308105e-01
2.081729471683502197e-01
-2.848119020462036133e+00
8.441672921180725098e-01
4.917102456092834473e-01
-1.334325194358825684e+00
-1.346959352493286133e+00
-2.930968403816223145e-01
-6.033847928047180176e-01
-9.874757528305053711e-01
-1.030996918678283691e+00
3.473453819751739502e-01
-3.120733261108398438e+00
6.217638850212097168e-01
-9.858421683311462402e-01
-1.056000113487243652e+00
7.256534099578857422e-01
-1.090322017669677734e+00
3.392112553119659424e-01
-1.950702667236328125e-01
-9.177591800689697266e-01
-1.614406943321228027e+00
-4.555066525936126709e-01
7.428221106529235840e-01
2.020292520523071289e+00
3.252506852149963379e-01
-4.503249824047088623e-01
2.994377017021179199e-01
-1.134508252143859863e+00
-3.088706493377685547e+00
-3.693296909332275391e+00
9.189801812171936035e-01
-1.625288248062133789e+00
-5.281307101249694824e-01
-1.358109474182128906e+00
-1.516323924064636230e+00
-2.474357843399047852e+00
1.317477107048034668e+00
-2.453659772872924805e+00
-3.066872060298919678e-01
-4.484549164772033691e-02
-1.289928793907165527e+00
2.135957717895507812e+00
-1.533820271492004395e+00
1.258568167686462402e-01
-2.295125722885131836e+00
2.478408515453338623e-01
-1.828645110130310059e+00
5.997353792190551758e-02
-4.391127228736877441e-01
-2.447093486785888672e+00
1.388767361640930176e-01
1.186515450477600098e+00
2.507760763168334961e+00
-1.940307378768920898e+00
-1.519074201583862305e+00
-1.265109777450561523e+00
-1.150058269500732422e+00
-7.802048325538635254e-01
7.430769205093383789e-01
-3.840188086032867432e-01
3.408870995044708252e-01
-1.261710882186889648e+00
-1.385395288467407227e+00
-1.197195768356323242e+00
9.971786141395568848e-01
1.978055596351623535e+00
3.039011359214782715e-01
-2.134685277938842773e+00
-3.723051249980926514e-01
-1.456300377845764160e+00
1.668697297573089600e-01
-6.198197603225708008e-01
-1.619430065155029297e+00
-2.401175260543823242e+00
-5.618844032287597656e-01
-2.265793323516845703e+00
-2.076646566390991211e+00
-1.008429408073425293e+00
6.304810643196105957e-01
-1.524304986000061035e+00
-8.313904404640197754e-01
1.839597105979919434e+00
-1.978811383247375488e+00
-7.554904222488403320e-01
1.082489609718322754e+00
-3.121076822280883789e-01
-1.663203954696655273e+00
-8.814762830734252930e-01
2.607979178428649902e-01
-4.492222964763641357e-01
-1.520183324813842773e+00
-4.776243567466735840e-01
1.949761748313903809e+00
-6.867133975028991699e-01
3.275428116321563721e-01
-3.403529226779937744e-01
1.828259468078613281e+00
-5.974684953689575195e-01
1.162730574607849121e+00
-2.455318689346313477e+00
-2.133777618408203125e+00
3.989855349063873291e-01
-1.192185655236244202e-01
-1.584947347640991211e+00
-2.628387808799743652e-01
-2.297534704208374023e+00
1.141989752650260925e-01
-8.242499083280563354e-03
1.506933093070983887e+00
-2.088864088058471680e+00
-2.106372833251953125e+00
3.536620438098907471e-01
-1.225469708442687988e+00
-2.204659700393676758e+00
-2.108624458312988281e+00
-1.440743684768676758e+00
-1.364915847778320312e+00
-6.806694269180297852e-01
-2.088791370391845703e+00
-1.925334572792053223e+00
1.720528304576873779e-01
-4.738351404666900635e-01
-2.806109786033630371e-01
-1.531821846961975098e+00
1.656128317117691040e-01
-1.917089700698852539e+00
9.519272446632385254e-01
-1.311638593673706055e+00
3.068938016891479492e+00
-9.158298373222351074e-01
2.745564460754394531e+00
-4.053160250186920166e-01
2.846908941864967346e-02
-2.242959737777709961e-01
-1.453746318817138672e+00
6.645995378494262695e-01
-9.692417383193969727e-01
9.093735218048095703e-01
-2.125661820173263550e-02
-8.637565374374389648e-01
2.299770712852478027e-02
2.812455594539642334e-01
2.810319364070892334e-01
-9.084897041320800781e-01
-5.942334532737731934e-01
1.264964580535888672e+00
1.902450323104858398e+00
-9.041407704353332520e-01
-2.012320756912231445e+00
-1.072067379951477051e+00
1.318102002143859863e+00
-3.831764161586761475e-01
1.050588250160217285e+00
-1.146725177764892578e+00
1.094269156455993652e+00
2.133188545703887939e-01
-4.271562397480010986e-02
3.612661123275756836e+00
6.545158624649047852e-01
1.974698305130004883e-01
-3.333320379257202148e+00
1.317784283310174942e-02
2.249079048633575439e-01
2.508091688156127930e+00
-9.446990489959716797e-01
3.225486040115356445e+00
-2.856842055916786194e-02
-1.158617019653320312e+00
2.518495917320251465e-01
8.127427697181701660e-01
1.090867400169372559e+00
9.554002285003662109e-01
-1.118541479110717773e+00
-8.510274291038513184e-01
-2.161273479461669922e+00
-3.313697278499603271e-01
-1.229752600193023682e-01
2.331752888858318329e-02
-2.546848654747009277e-01
-2.846265733242034912e-01
-1.577477574348449707e+00
-4.118717461824417114e-02
-1.530930638313293457e+00
8.529632687568664551e-01
1.003836512565612793e+00
-8.904904723167419434e-01
-2.615056753158569336e+00
6.569991707801818848e-01
-1.593078255653381348e+00
1.943667650222778320e+00
1.503150463104248047e+00
-8.434787392616271973e-01
-1.246835470199584961e+00
-2.235522985458374023e+00
9.897611737251281738e-01
-4.440614208579063416e-02
-8.213719725608825684e-01
-1.555796504020690918e+00
-2.941586256027221680e+00
-1.182726621627807617e+00
-1.564302206039428711e+00
-7.341894507408142090e-01
-1.191708683967590332e+00
-1.142138481140136719e+00
-2.217697724699974060e-02
-3.759226322174072266e+00
-1.492964625358581543e+00
-2.416188240051269531e+00
-2.013021230697631836e+00
-8.946678042411804199e-01
6.049985885620117188e-01
-1.592720627784729004e+00
7.128651142120361328e-01
1.349805951118469238e+00
2.201662778854370117e+00
1.036237001419067383e+00
-9.060944318771362305e-01
7.360763549804687500e-01
1.472980141639709473e+00
-8.392261862754821777e-01
-9.716372489929199219e-01
-1.916274785995483398e+00
7.393623143434524536e-02
-8.682669401168823242e-01
-1.910064935684204102e+00
-2.085652500391006470e-01
-1.660907268524169922e+00
4.351398944854736328e-01
-1.368576884269714355e-01
-3.839369714260101318e-01
1.102286696434020996e+00
-8.136592507362365723e-01
-2.483692884445190430e+00
1.243302598595619202e-01
-1.244922280311584473e+00
7.626511454582214355e-01
-9.020081758499145508e-01
-2.656903266906738281e-01
6.753571033477783203e-01
-4.506534710526466370e-02
2.574978470802307129e-01
-2.326031774282455444e-01
-1.028517603874206543e+00
-1.393226027488708496e+00
1.765808343887329102e+00
-1.537407279014587402e+00
-2.565886497497558594e+00
-3.193277120590209961e-01
1.207937717437744141e+00
1.658059477806091309e+00
6.758441030979156494e-02
-1.597514986991882324e+00
-2.452801316976547241e-01
-3.929107785224914551e-01
1.714679241180419922e+00
2.993643283843994141e-01
5.549247860908508301e-01
-4.105433940887451172e+00
1.053994059562683105e+00
7.804441452026367188e-02
-2.490998983383178711e+00
-3.077493607997894287e-01
2.165011405944824219e+00
2.838063955307006836e+00
-2.611777305603027344e+00
-1.697471618652343750e+00
-1.662292838096618652e+00
-9.766082167625427246e-01
5.028064250946044922e-01
6.650980710983276367e-01
-1.007236599922180176e+00
-8.407814428210258484e-03
-3.034207522869110107e-01
-1.556724160909652710e-01
-5.660343766212463379e-01
6.867569684982299805e-01
7.463296651840209961e-01
1.003543257713317871e+00
-1.561639010906219482e-01
4.760868549346923828e-01
2.947539389133453369e-01
-9.410667419433593750e-02
6.588500142097473145e-01
8.536599576473236084e-03
1.515751034021377563e-01
-1.045283079147338867e+00
-1.021339297294616699e+00
-1.037109971046447754e+00
-1.215327858924865723e+00
-5.558959841728210449e-01
-8.157660067081451416e-02
-1.790182590484619141e-01
7.616063952445983887e-01
-7.981053590774536133e-01
-9.659163355827331543e-01
-2.215527057647705078e+00
-1.522648215293884277e+00
-3.410513639450073242e+00
-2.448127985000610352e+00
-1.762875199317932129e+00
3.676083981990814209e-01
-2.042376279830932617e+00
-3.936140537261962891e-01
-8.147992491722106934e-01
-1.833943724632263184e+00
1.929183006286621094e+00
-1.791774630546569824e+00
8.638452738523483276e-02
2.335891246795654297e+00
2.112616971135139465e-02
2.942467212677001953e+00
9.519155323505401611e-02
-1.708623647689819336e+00
1.230078339576721191e+00
-9.379434585571289062e-01
1.762424945831298828e+00
-1.523401498794555664e+00
-1.195284366607666016e+00
-8.876067996025085449e-01
9.007890224456787109e-01
8.251241445541381836e-01
-1.765993088483810425e-01
2.782695293426513672e+00
1.289087653160095215e+00
4.976016283035278320e-01
-9.785764813423156738e-01
-5.252887010574340820e-01
1.872277110815048218e-01
5.745499208569526672e-02
-1.671585679054260254e+00
-9.551391005516052246e-01
9.538712501525878906e-01
-8.423134684562683105e-01
1.058814972639083862e-01
-7.441118955612182617e-01
-9.531738609075546265e-02
6.833987236022949219e-01
1.808297395706176758e+00
7.612222433090209961e-01
1.235548973083496094e+00
-1.022385120391845703e+00
1.512122303247451782e-01
1.460107564926147461e+00
-1.744634658098220825e-01
-1.739562273025512695e+00
-3.424836993217468262e-01
-9.018760919570922852e-01
-1.259011924266815186e-01
1.300712108612060547e+00
-1.002300858497619629e+00
-4.309595823287963867e-01
-1.262611865997314453e+00
1.314359307289123535e+00
1.960381746292114258e+00
1.014890074729919434e+00
-9.993854165077209473e-01
-2.679823875427246094e+00
9.407348036766052246e-01
-7.010399103164672852e-01
-2.817838490009307861e-01
-3.231092095375061035e-01
-5.812923908233642578e-01
3.474301993846893311e-01
-2.903649568557739258e+00
-5.542170405387878418e-01
-3.629709780216217041e-02
1.697897434234619141e+00
-1.632508039474487305e+00
-1.103471636772155762e+00
-1.245643496513366699e+00
5.979053378105163574e-01
-3.539484692737460136e-03
4.377914369106292725e-01
-2.488329648971557617e+00
7.825121879577636719e-01
4.763827323913574219e-01
2.457233965396881104e-01
-6.932920813560485840e-01
2.406107038259506226e-01
-2.826594114303588867e+00
-6.339991092681884766e-01
1.368260502815246582e+00
-1.008131146430969238e+00
2.641971409320831299e-01
1.027739524841308594e+00
1.157676935195922852e+00
-2.317689210176467896e-01
2.017293691635131836e+00
-2.944605827331542969e+00
-4.311728954315185547e+00
1.335733830928802490e-01
4.908640403300523758e-04
1.160996198654174805e+00
7.937408685684204102e-01
-9.249047636985778809e-01
-3.919884562492370605e-01
1.575744897127151489e-01
-2.137589931488037109e+00
-7.485354542732238770e-01
-5.299251079559326172e-01
3.806841969490051270e-01
1.212325215339660645e+00
-3.115167021751403809e-01
7.369990944862365723e-01
-3.627797961235046387e-02
-8.126194030046463013e-02
-1.384025335311889648e+00
-1.200685739517211914e+00
1.533104777336120605e+00
-1.464651226997375488e+00
-9.184282422065734863e-01
9.230214953422546387e-01
-7.566551566123962402e-01
1.177426576614379883e+00
5.000177025794982910e-01
-4.863028824329376221e-01
-1.689568400382995605e+00
3.985402882099151611e-01
9.147271513938903809e-02
-1.208565592765808105e+00
3.313864767551422119e-01
-3.169784247875213623e-01
-1.749992489814758301e+00
-1.712682366371154785e+00
-7.734055519104003906e-01
-1.250287532806396484e+00
-1.484091520309448242e+00
-5.121984481811523438e-01
2.120117664337158203e+00
-1.484266400337219238e+00
-1.500985324382781982e-01
-4.103769361972808838e-01
2.469571977853775024e-01
-1.273649573326110840e+00
-1.187439322471618652e+00
-7.719522714614868164e-01
1.175319433212280273e+00
-1.262066125869750977e+00
-1.056796312332153320e+00
2.251413017511367798e-01
6.135157942771911621e-01
2.286236435174942017e-01
-8.127052187919616699e-01
-6.137101650238037109e-01
-7.630578875541687012e-01
-1.185953378677368164e+00
-1.976161003112792969e+00
1.618243157863616943e-01
-2.667501211166381836e+00
1.417251974344253540e-01
-3.997501432895660400e-01
-1.331365466117858887e+00
-1.655753731727600098e+00
-7.710211277008056641e-01
-1.073688268661499023e+00
2.063975811004638672e+00
-3.329340934753417969e+00
-3.489920616149902344e+00
3.032536432147026062e-02
-1.174411892890930176e+00
-7.930040955543518066e-01
-9.192545413970947266e-01
1.819367170333862305e+00
-1.832704067230224609e+00
-6.888667345046997070e-01
-1.517197847366333008e+00
-1.523302316665649414e+00
2.817396640777587891e+00
-2.801748991012573242e+00
-2.589987993240356445e+00
1.579781621694564819e-01
-2.036973714828491211e+00
7.908044457435607910e-01
3.290562331676483154e-01
2.041463136672973633e+00
-1.318149328231811523e+00
-1.815192580223083496e+00
2.587271630764007568e-01
-1.332944273948669434e+00
3.473798930644989014e-01
-2.341713905334472656e+00
-3.426371574401855469e+00
4.145079851150512695e-01
8.415026664733886719e-01
-1.508594155311584473e+00
-3.176291286945343018e-01
1.510573267936706543e+00
-1.344038367271423340e+00
2.557418346405029297e+00
-3.421126127243041992e+00
9.783871769905090332e-01
-2.753129720687866211e+00
4.138918220996856689e-01
1.001636460423469543e-01
4.265784025192260742e-01
7.982509136199951172e-01
-1.617806553840637207e-01
-8.223277926445007324e-01
-8.375595808029174805e-01
-2.905718326568603516e+00
-2.515906095504760742e-01
6.534793972969055176e-01
-1.350518465042114258e+00
-9.418664500117301941e-03
7.337780594825744629e-01
1.796769618988037109e+00
-9.181511402130126953e-01
-1.196156740188598633e+00
-2.240745067596435547e+00
-7.161318659782409668e-01
9.534736722707748413e-02
-4.010466337203979492e-01
-8.565542101860046387e-01
-3.741854429244995117e-01
1.594705730676651001e-01
1.448022246360778809e+00
4.270276069641113281e+00
2.325208187103271484e+00
-9.347756505012512207e-01
2.232036590576171875e+00
-1.469814658164978027e+00
-4.160653650760650635e-01
-2.032469272613525391e+00
-6.023374199867248535e-01
-2.701857686042785645e-01
-8.462670445442199707e-01
1.133904099464416504e+00
-2.355157852172851562e+00
-2.281911373138427734e+00
2.251030921936035156e+00
-9.519422054290771484e-01
2.818233966827392578e+00
1.417877793312072754e+00
-2.489121437072753906e+00
-1.048661023378372192e-01
-8.671243488788604736e-02
-1.826271176338195801e+00
-1.447500109672546387e+00
-1.215706586837768555e+00
5.785380005836486816e-01
-2.087416648864746094e-01
-2.146178960800170898e+00
-4.869157969951629639e-01
-1.199770808219909668e+00
-1.956723928451538086e-01
-1.667171001434326172e+00
-1.698351204395294189e-01
-7.577541470527648926e-02
-1.010358214378356934e+00
-1.267648577690124512e+00
-1.317965745925903320e+00
-2.860498428344726562e-01
-8.099597692489624023e-01
1.709320306777954102e+00
3.568455934524536133e+00
2.304925203323364258e+00
1.912722706794738770e+00
-1.014824271202087402e+00
-1.208975791931152344e+00
-1.561748385429382324e+00
-1.141544342041015625e+00
-2.983380079269409180e+00
-1.267012000083923340e+00
-1.015414237976074219e+00
2.111757993698120117e+00
-4.721057713031768799e-01
1.560615539550781250e+00
-1.332673311233520508e+00
5.335380434989929199e-01
-7.170958071947097778e-02
-8.948844671249389648e-01
-1.779825836420059204e-01
4.562337398529052734e-01
-4.431002140045166016e-01
-1.646498441696166992e+00
-4.750013649463653564e-01
-1.693398803472518921e-01
7.434843480587005615e-02
3.006875216960906982e-01
-1.997305989265441895e+00
-4.824410080909729004e-01
-2.020538091659545898e+00
-1.838362336158752441e+00
6.175795793533325195e-01
-1.105071663856506348e+00
-8.137958645820617676e-01
-9.773316979408264160e-01
-3.055173754692077637e-01
-1.102461814880371094e+00
1.419096112251281738e+00
-1.054142713546752930e+00
1.240201473236083984e+00
-2.208738029003143311e-01
2.826209783554077148e+00
-2.169916868209838867e+00
1.009558677673339844e+00
2.461860656738281250e+00
2.159997224807739258e+00
6.712182164192199707e-01
3.098174631595611572e-01
6.504252552986145020e-01
1.180281519889831543e+00
1.124780476093292236e-01
-2.437263250350952148e+00
-2.383897453546524048e-01
-9.746017456054687500e-01
-9.376204013824462891e-02
1.499129533767700195e+00
-9.553852677345275879e-01
1.836060285568237305e+00
-1.011503458023071289e+00
-5.343344807624816895e-01
-8.358237147331237793e-01
-2.684384286403656006e-01
-1.131682872772216797e+00
1.637224197387695312e+00
1.282871127128601074e+00
1.538038969039916992e+00
-3.881184160709381104e-01
2.527804613113403320e+00
2.074289083480834961e+00
-2.661461114883422852e+00
-7.731427438557147980e-03
-5.212022066116333008e-01
-1.728757143020629883e+00
-4.502320587635040283e-01
1.364867210388183594e+00
1.095458149909973145e+00
-2.742694020271301270e-01
-1.616055965423583984e+00
-2.505155086517333984e+00
3.115840852260589600e-01
-3.909573554992675781e-01
-1.704809308052062988e+00
-8.744459748268127441e-01
1.775780797004699707e+00
-1.812398672103881836e+00
-2.363060474395751953e+00
-1.153795644640922546e-01
7.906246185302734375e-01
-2.125586271286010742e+00
-1.725524812936782837e-01
7.647615671157836914e-01
-7.498425841331481934e-01
1.346625685691833496e+00
-7.608014345169067383e-01
4.108002781867980957e-01
-1.195802807807922363e+00
-7.076094150543212891e-01
-8.952892422676086426e-01
-2.043484926223754883e+00
-1.063235700130462646e-01
-5.287304520606994629e-01
-3.910360097885131836e+00
-1.164425969123840332e+00
7.242518067359924316e-01
2.190170526504516602e+00
-9.598439931869506836e-01
-1.946505755186080933e-01
-3.802733421325683594e-01
1.787178069353103638e-01
5.713248252868652344e-01
-2.167005836963653564e-01
1.977161645889282227e+00
-5.410503745079040527e-01
6.777540445327758789e-01
-9.568867087364196777e-01
3.435765802860260010e-01
-4.342231154441833496e-01
2.121612727642059326e-01
-1.818533539772033691e-01
3.007392957806587219e-02
3.020733408629894257e-02
8.716099262237548828e-01
1.938753128051757812e+00
-1.390167951583862305e+00
-1.696578621864318848e+00
-1.952277898788452148e+00
1.915172100067138672e+00
6.895269155502319336e-01
1.388063311576843262e+00
-1.184013724327087402e+00
6.155750155448913574e-01
7.985772490501403809e-01
3.167094290256500244e-01
-6.736518740653991699e-01
3.399326801300048828e+00
-1.743881583213806152e+00
-2.577386856079101562e+00
-1.713741540908813477e+00
-1.363721609115600586e+00
-1.439260721206665039e+00
-2.330683767795562744e-01
8.732383251190185547e-01
1.688320398330688477e+00
-1.325272560119628906e+00
3.934544622898101807e-01
-1.306235194206237793e+00
4.853554666042327881e-01
-5.101648569107055664e-01
2.643602788448333740e-01
-1.897911429405212402e-01
1.089735388755798340e+00
-6.909441351890563965e-01
4.726195633411407471e-01
-6.926593184471130371e-01
-8.680508136749267578e-01
3.536601364612579346e-01
3.418905436992645264e-01
5.911731123924255371e-01
-2.270392894744873047e+00
2.597478389739990234e+00
-2.070657253265380859e+00
-3.386738002300262451e-01
1.070134878158569336e+00
-1.800685524940490723e+00
-4.138226807117462158e-01
2.197379618883132935e-01
-1.713634133338928223e+00
-3.232694864273071289e+00
-1.206372618675231934e+00
-4.412405192852020264e-02
4.643591940402984619e-01
-7.349279522895812988e-01
3.815480470657348633e-01
1.439782381057739258e+00
1.434420228004455566e+00
-1.980075836181640625e+00
1.387709856033325195e+00
-6.323391199111938477e-01
2.270513623952865601e-01
-8.841140866279602051e-01
1.023451089859008789e+00
8.451944589614868164e-02
-1.625834584236145020e+00
1.157010674476623535e+00
-1.172063708305358887e+00
-4.435461163520812988e-01
1.256954908370971680e+00
-2.100773811340332031e+00
-2.746998369693756104e-01
-3.166557788848876953e+00
-1.354431390762329102e+00
-4.752751588821411133e-01
-2.132688462734222412e-01
-1.000567197799682617e+00
5.885419845581054688e-01
-1.152420043945312500e+00
1.915230035781860352e+00
-3.574772119522094727e+00
-3.870821893215179443e-01
-2.743530035018920898e+00
-3.173719644546508789e-01
-8.993505835533142090e-01
2.647661447525024414e+00
-3.274820327758789062e+00
-1.409775257110595703e+00
-8.668611645698547363e-01
-1.213887810707092285e+00
-1.053421378135681152e+00
4.209077954292297363e-01
-1.892949342727661133e+00
-1.682499170303344727e+00
-2.042858123779296875e+00
-3.134029626846313477e+00
2.245300054550170898e+00
2.431773394346237183e-01
4.320367276668548584e-01
-1.379289865493774414e+00
-4.156544804573059082e-01
-1.626227855682373047e+00
-4.729628264904022217e-01
2.018117010593414307e-01
-7.962119579315185547e-01
2.417346477508544922e+00
6.085712909698486328e-01
-2.310027122497558594e+00
-3.827902078628540039e-01
-1.173829674720764160e+00
-1.274385094642639160e+00
1.070590734481811523e+00
-2.482293844223022461e+00
-1.797882616519927979e-01
-1.386488825082778931e-01
-1.810057282447814941e+00
-4.049867093563079834e-01
-2.857900261878967285e-01
-1.626289963722229004e+00
-5.580471158027648926e-01
-2.577291488647460938e+00
9.724658131599426270e-01
-7.114142179489135742e-01
-2.691677957773208618e-02
-2.188705921173095703e+00
-4.166615009307861328e-01
-5.311378836631774902e-01
-2.823006808757781982e-01
3.577583432197570801e-01
-1.856086134910583496e+00
2.919734239578247070e+00
-4.486147463321685791e-01
-1.076274633407592773e+00
-5.729933381080627441e-01
-2.445149660110473633e+00
-3.082755088806152344e+00
-2.518687248229980469e+00
-1.771398901939392090e+00
1.754757910966873169e-01
3.122669644653797150e-03
-2.535876035690307617e+00
-1.622346401214599609e+00
-1.251592040061950684e-01
-3.631682872772216797e+00
1.900282740592956543e+00
3.177745044231414795e-01
-1.931312680244445801e+00
9.821881651878356934e-01
1.079926371574401855e+00
-1.091337323188781738e+00
-1.313410401344299316e+00
-1.025707125663757324e+00
1.749743700027465820e+00
-3.709402799606323242e+00
-5.515342950820922852e-01
-1.632975578308105469e+00
1.430239900946617126e-02
-2.343420684337615967e-01
-4.163885414600372314e-01
-4.285155832767486572e-01
-1.232861399650573730e+00
-6.736963987350463867e-01
2.269406557083129883e+00
1.396588802337646484e+00
-1.728666186332702637e+00
-9.380750060081481934e-01
-1.276694297790527344e+00
2.632820129394531250e+00
6.371805667877197266e-01
5.543118119239807129e-01
8.853247165679931641e-01
-1.544497966766357422e+00
3.437867760658264160e-01
3.189706802368164062e+00
-3.775225207209587097e-02
-1.747879385948181152e-01
-1.492875218391418457e+00
-1.658069610595703125e+00
-5.305115580558776855e-01
-1.190860629081726074e+00
-1.466482996940612793e+00
-1.584929227828979492e-01
-1.122048348188400269e-01
-2.000578165054321289e+00
-1.059786304831504822e-01
-6.600904464721679688e-01
-1.034500598907470703e+00
2.943969964981079102e-01
7.533818483352661133e-01
2.143284082412719727e-01
-8.227059841156005859e-01
-1.487392306327819824e+00
4.961011558771133423e-02
2.588647842407226562e+00
-7.352740764617919922e-01
1.234230518341064453e+00
-7.836702466011047363e-01
-2.081607818603515625e+00
7.871183753013610840e-01
-4.017467498779296875e+00
-5.958014726638793945e-01
1.168521523475646973e+00
-2.084256172180175781e+00
1.143601179122924805e+00
5.528265982866287231e-02
-1.460595369338989258e+00
-1.089216351509094238e+00
7.198300957679748535e-01
-1.149753808975219727e+00
2.068462848663330078e+00
2.566866159439086914e+00
1.047685503959655762e+00
1.476616501808166504e+00
7.365565299987792969e-01
-7.955389097332954407e-03
2.627828419208526611e-01
-1.362297654151916504e+00
-1.100859642028808594e+00
8.414894938468933105e-01
3.275457024574279785e-01
4.842492341995239258e-01
-4.863975346088409424e-01
5.299932956695556641e-01
-5.263687968254089355e-01
1.079828739166259766e+00
-2.453728318214416504e-01
-4.210803508758544922e+00
9.565323591232299805e-01
-2.551756203174591064e-01
1.336058020591735840e+00
-9.187523126602172852e-01
-1.448265552520751953e+00
-2.100281417369842529e-01
1.941181182861328125e+00
-2.625477015972137451e-01
-9.606939554214477539e-01
-9.126348495483398438e-01
1.304739475250244141e+00
8.629255294799804688e-01
-2.226132154464721680e+00
7.922739982604980469e-01
1.346201747655868530e-01
-2.868177652359008789e+00
-1.864091634750366211e+00
-1.661017090082168579e-01
2.975150108337402344e+00
-1.065327525138854980e+00
-5.524814128875732422e-01
-1.616705298423767090e+00
-1.153530120849609375e+00
-2.231858730316162109e+00
-5.435757040977478027e-01
9.558565616607666016e-01
9.219732135534286499e-02
7.682287693023681641e-02
-5.960342884063720703e-01
-6.680609583854675293e-01
-9.246374964714050293e-01
-1.665242671966552734e+00
-5.111650824546813965e-01
8.286163806915283203e-01
-1.125411272048950195e+00
1.481486797332763672e+00
-8.720179200172424316e-01
1.621108174324035645e+00
2.424774408340454102e+00
-3.139926433563232422e+00
-1.172860711812973022e-01
9.120121002197265625e-01
1.738680452108383179e-01
-2.072199434041976929e-01
-2.889631509780883789e+00
-5.579875707626342773e-01
1.789775133132934570e+00
5.674942135810852051e-01
-2.559106826782226562e+00
-4.089227616786956787e-01
7.694386243820190430e-01
-3.328003287315368652e-01
8.148799538612365723e-01
-1.137475013732910156e+00
-4.837812855839729309e-03
-1.526396393775939941e+00
-3.205120563507080078e-01
-2.656370162963867188e+00
4.340316653251647949e-01
-2.219343371689319611e-02
1.534441590309143066e+00
-1.935407221317291260e-01
-4.832330048084259033e-01
7.579292654991149902e-01
2.475555181503295898e+00
-2.061526298522949219e+00
-2.031470537185668945e+00
1.159386873245239258e+00
-1.040420770645141602e+00
3.100568771362304688e+00
-9.207001924514770508e-01
-4.950911104679107666e-01
1.656276464462280273e+00
-4.906616210937500000e-01
-1.938402533531188965e+00
1.046323776245117188e+00
-2.058057487010955811e-01
-1.365207433700561523e+00
-1.406171560287475586e+00
-5.804162025451660156e-01
8.013539016246795654e-02
-2.040187120437622070e+00
-5.751119852066040039e-01
2.832803428173065186e-01
7.910544276237487793e-01
5.993573069572448730e-01
-3.191173672676086426e-01
1.151689052581787109e+00
-1.963746666908264160e+00
-1.809788823127746582e+00
-2.518678903579711914e+00
1.048616766929626465e-01
1.503385901451110840e+00
-7.457582354545593262e-01
-3.665674850344657898e-02
1.949907243251800537e-01
-1.575449347496032715e+00
-2.668565511703491211e-01
-9.364404082298278809e-01
7.469378113746643066e-01
-1.750707864761352539e+00
-1.016563773155212402e+00
-1.791957974433898926e+00
-1.166944980621337891e+00
-2.279377698898315430e+00
-1.154338598251342773e+00
1.483088374137878418e+00
2.844693958759307861e-01
1.760052084922790527e+00
-4.912212789058685303e-01
-6.982732415199279785e-01
1.716961026191711426e+00
-8.384820222854614258e-01
-4.209338724613189697e-01
-4.460183978080749512e-01
-1.113602519035339355e+00
1.402143239974975586e+00
3.960478901863098145e-01
-2.305672168731689453e+00
-1.415329813957214355e+00
-2.464646339416503906e+00
-4.535181820392608643e-01
-2.434473037719726562e-01
8.915523886680603027e-01
1.910599827766418457e+00
