1.015029430389404297e+00
0.000000000000000000e+00
3.520604372024536133e-01
0.000000000000000000e+00
8.377084732055664062e-01
0.000000000000000000e+00
7.260721921920776367e-01
0.000000000000000000e+00
8.275619745254516602e-01
0.000000000000000000e+00
9.249793291091918945e-01
8.703514337539672852e-01
7.429614067077636719e-01
7.418015003204345703e-01
5.226798057556152344e-01
6.848746538162231445e-01
0.000000000000000000e+00
0.000000000000000000e+00
7.078754901885986328e-01
0.000000000000000000e+00
7.431454956531524658e-02
3.667132854461669922e-01
7.374506592750549316e-01
1.689842343330383301e+00
1.205990910530090332e+00
1.409732580184936523e+00
4.910137653350830078e-01
4.178052544593811035e-01
9.719119668006896973e-01
9.747365713119506836e-01
9.094808101654052734e-01
9.160308837890625000e-01
1.314219236373901367e+00
1.525359272956848145e+00
0.000000000000000000e+00
0.000000000000000000e+00
4.458478689193725586e-01
0.000000000000000000e+00
9.050905704498291016e-01
0.000000000000000000e+00
4.678561687469482422e-01
4.154046475887298584e-01
1.142347335815429688e+00
0.000000000000000000e+00
1.731756925582885742e+00
0.000000000000000000e+00
2.825953960418701172e-01
3.381419181823730469e-01
0.000000000000000000e+00
5.876624584197998047e-02
0.000000000000000000e+00
0.000000000000000000e+00
0.000000000000000000e+00
9.796251058578491211e-01
0.000000000000000000e+00
0.000000000000000000e+00
0.000000000000000000e+00
1.096367835998535156e-02
2.838621139526367188e-01
1.031541824340820312e-02
6.557056307792663574e-01
4.727870523929595947e-01
7.203498482704162598e-01
4.740837514400482178e-01
0.000000000000000000e+00
0.000000000000000000e+00
1.668334007263183594e-02
0.000000000000000000e+00
2.623498439788818359e-01
0.000000000000000000e+00
7.594718933105468750e-01
3.882098793983459473e-01
0.000000000000000000e+00
0.000000000000000000e+00
0.000000000000000000e+00
0.000000000000000000e+00
1.067454338073730469e+00
4.630607962608337402e-01
0.000000000000000000e+00
5.312566757202148438e-01
7.241809368133544922e-02
2.692309021949768066e-01
0.000000000000000000e+00
5.378054976463317871e-01
6.981674432754516602e-01
1.318995594978332520e+00
0.000000000000000000e+00
1.256046295166015625e-01
1.039233803749084473e-01
3.272153139114379883e-01
0.000000000000000000e+00
0.000000000000000000e+00
1.045828938484191895e+00
1.525374770164489746e+00
0.000000000000000000e+00
0.000000000000000000e+00
8.747755289077758789e-01
2.290331721305847168e-01
0.000000000000000000e+00
2.363756895065307617e-01
1.678123950958251953e+00
0.000000000000000000e+00
0.000000000000000000e+00
4.526174068450927734e-01
0.000000000000000000e+00
1.050986170768737793e+00
1.136311292648315430e-01
0.000000000000000000e+00
0.000000000000000000e+00
0.000000000000000000e+00
0.000000000000000000e+00
2.015713453292846680e-01
5.804836750030517578e-01
1.712598800659179688e-01
0.000000000000000000e+00
0.000000000000000000e+00
0.000000000000000000e+00
1.222221732139587402e+00
0.000000000000000000e+00
1.260740756988525391e-01
2.062747478485107422e-01
0.000000000000000000e+00
0.000000000000000000e+00
1.111147180199623108e-01
0.000000000000000000e+00
3.453296124935150146e-01
0.000000000000000000e+00
3.607166409492492676e-01
0.000000000000000000e+00
1.004410743713378906e+00
0.000000000000000000e+00
1.540732383728027344e-01
1.253720998764038086e+00
1.121551990509033203e-01
1.154067277908325195e+00
5.662074089050292969e-01
4.015828669071197510e-01
0.000000000000000000e+00
8.110350966453552246e-01
4.413509368896484375e-01
0.000000000000000000e+00
1.375912427902221680e+00
0.000000000000000000e+00
2.866690978407859802e-02
0.000000000000000000e+00
2.969066202640533447e-01
1.631313085556030273e+00
1.222923874855041504e+00
0.000000000000000000e+00
0.000000000000000000e+00
0.000000000000000000e+00
0.000000000000000000e+00
4.471895694732666016e-01
0.000000000000000000e+00
5.438339710235595703e-01
0.000000000000000000e+00
6.224353313446044922e-01
0.000000000000000000e+00
0.000000000000000000e+00
7.427139878273010254e-01
0.000000000000000000e+00
0.000000000000000000e+00
0.000000000000000000e+00
3.858966827392578125e-01
0.000000000000000000e+00
0.000000000000000000e+00
8.889722824096679688e-02
0.000000000000000000e+00
1.688480377197265625e-03
0.000000000000000000e+00
6.076060533523559570e-01
8.802126348018646240e-02
6.677848696708679199e-01
8.330368995666503906e-02
0.000000000000000000e+00
1.054644584655761719e+00
0.000000000000000000e+00
3.362560272216796875e-01
3.569517433643341064e-01
5.581361651420593262e-01
1.370590567588806152e+00
0.000000000000000000e+00
0.000000000000000000e+00
3.466315269470214844e-01
9.428140521049499512e-02
3.793042898178100586e-01
0.000000000000000000e+00
0.000000000000000000e+00
3.366537094116210938e-01
7.949781417846679688e-01
7.101183533668518066e-01
7.595243453979492188e-01
3.156313896179199219e-01
6.867419481277465820e-01
6.040455698966979980e-01
1.531366825103759766e+00
0.000000000000000000e+00
1.333024859428405762e+00
0.000000000000000000e+00
9.542575478553771973e-01
0.000000000000000000e+00
0.000000000000000000e+00
0.000000000000000000e+00
4.610832929611206055e-01
5.709426999092102051e-01
1.697064638137817383e-01
0.000000000000000000e+00
8.573195338249206543e-01
5.397634506225585938e-01
1.980159282684326172e-01
0.000000000000000000e+00
5.306582450866699219e-01
0.000000000000000000e+00
1.034684896469116211e+00
0.000000000000000000e+00
5.639215707778930664e-01
4.974481463432312012e-01
6.980055570602416992e-01
1.027930974960327148e-01
0.000000000000000000e+00
1.484781265258789062e+00
2.026019096374511719e-01
2.190105319023132324e-01
6.643141508102416992e-01
6.156570911407470703e-01
1.123835444450378418e-01
1.037241220474243164e+00
2.715444564819335938e-02
0.000000000000000000e+00
1.645207405090332031e-02
0.000000000000000000e+00
1.478189706802368164e+00
9.655615687370300293e-02
1.038789749145507812e-02
4.175636172294616699e-01
2.798607349395751953e-01
2.880797386169433594e-01
2.779585123062133789e-01
4.961057305335998535e-01
0.000000000000000000e+00
0.000000000000000000e+00
1.133745193481445312e+00
0.000000000000000000e+00
2.173361778259277344e-01
0.000000000000000000e+00
1.915907859802246094e-02
0.000000000000000000e+00
8.731995820999145508e-01
9.566404819488525391e-01
0.000000000000000000e+00
1.065494179725646973e+00
7.895286083221435547e-01
2.391829490661621094e-01
0.000000000000000000e+00
3.661586046218872070e-01
1.429176926612854004e+00
2.961732149124145508e-01
1.681874871253967285e+00
0.000000000000000000e+00
1.534946441650390625e+00
0.000000000000000000e+00
0.000000000000000000e+00
5.446242094039916992e-01
0.000000000000000000e+00
2.761483788490295410e-01
4.795727729797363281e-01
0.000000000000000000e+00
4.063127040863037109e-01
1.062749862670898438e+00
0.000000000000000000e+00
4.220744371414184570e-01
1.216381072998046875e+00
1.746843457221984863e-01
0.000000000000000000e+00
7.024750709533691406e-01
7.971643805503845215e-01
6.989793777465820312e-01
7.816034555435180664e-02
1.702769994735717773e+00
0.000000000000000000e+00
2.288509011268615723e-01
4.555616378784179688e-01
6.608650088310241699e-02
0.000000000000000000e+00
0.000000000000000000e+00
6.966611742973327637e-01
0.000000000000000000e+00
1.063821673393249512e+00
0.000000000000000000e+00
0.000000000000000000e+00
4.622048139572143555e-01
0.000000000000000000e+00
0.000000000000000000e+00
0.000000000000000000e+00
8.304973244667053223e-01
0.000000000000000000e+00
1.008040189743041992e+00
1.222283720970153809e+00
3.003573417663574219e-01
1.346690297126770020e+00
1.622328281402587891e+00
2.350776195526123047e-01
5.173306465148925781e-01
1.098216772079467773e-01
2.870166301727294922e-01
1.873489618301391602e-01
0.000000000000000000e+00
1.408793330192565918e+00
0.000000000000000000e+00
9.900848865509033203e-01
4.410021305084228516e-01
1.346031904220581055e+00
0.000000000000000000e+00
1.476920366287231445e+00
2.961751222610473633e-01
0.000000000000000000e+00
1.397323369979858398e+00
0.000000000000000000e+00
1.590946912765502930e-01
1.233800649642944336e-01
0.000000000000000000e+00
3.027710914611816406e-01
0.000000000000000000e+00
3.737092614173889160e-01
5.028578639030456543e-01
6.586179733276367188e-01
0.000000000000000000e+00
1.111197113990783691e+00
1.147751808166503906e+00
1.180632591247558594e+00
0.000000000000000000e+00
7.571749091148376465e-01
0.000000000000000000e+00
0.000000000000000000e+00
5.142907500267028809e-01
1.013515591621398926e-01
3.613618016242980957e-01
0.000000000000000000e+00
5.358775854110717773e-01
4.646259546279907227e-02
6.639587879180908203e-02
3.289121389389038086e-01
9.517630934715270996e-01
8.218016624450683594e-01
4.808028042316436768e-02
0.000000000000000000e+00
1.129072904586791992e-02
1.186278462409973145e+00
1.729149460792541504e+00
1.073231697082519531e-01
6.470251083374023438e-01
5.421410799026489258e-01
0.000000000000000000e+00
7.971084117889404297e-01
0.000000000000000000e+00
0.000000000000000000e+00
0.000000000000000000e+00
3.335953354835510254e-01
4.235527515411376953e-01
0.000000000000000000e+00
4.786086082458496094e-02
5.234375000000000000e-01
5.413146018981933594e-01
0.000000000000000000e+00
5.675470232963562012e-01
8.235926032066345215e-01
6.456422805786132812e-02
0.000000000000000000e+00
0.000000000000000000e+00
0.000000000000000000e+00
0.000000000000000000e+00
1.174919724464416504e+00
8.142478466033935547e-01
4.253138899803161621e-01
7.112390398979187012e-01
6.692827939987182617e-01
5.900905132293701172e-01
1.091360569000244141e+00
3.650862574577331543e-01
2.424377202987670898e-02
7.724291086196899414e-02
3.097180724143981934e-01
9.280846118927001953e-01
8.059723973274230957e-01
0.000000000000000000e+00
1.568869352340698242e-01
1.358152180910110474e-01
3.940761089324951172e-02
3.704361319541931152e-01
3.929853439331054688e-01
0.000000000000000000e+00
2.375221252441406250e-01
1.129889011383056641e+00
9.435675144195556641e-01
0.000000000000000000e+00
6.299100518226623535e-01
2.750723958015441895e-01
0.000000000000000000e+00
3.174347877502441406e-01
1.201435327529907227e+00
2.709567546844482422e-01
0.000000000000000000e+00
2.886799573898315430e-01
8.407644033432006836e-01
1.765377044677734375e+00
9.403952956199645996e-02
1.266073226928710938e+00
1.917217671871185303e-01
4.116152822971343994e-01
0.000000000000000000e+00
3.755475282669067383e-01
6.033428907394409180e-01
0.000000000000000000e+00
6.212602853775024414e-01
0.000000000000000000e+00
0.000000000000000000e+00
1.005306720733642578e+00
0.000000000000000000e+00
8.326581716537475586e-01
3.026514053344726562e-01
2.909174561500549316e-02
1.070004343986511230e+00
0.000000000000000000e+00
5.585345625877380371e-01
0.000000000000000000e+00
4.022297859191894531e-01
0.000000000000000000e+00
0.000000000000000000e+00
1.291538715362548828e+00
0.000000000000000000e+00
0.000000000000000000e+00
0.000000000000000000e+00
0.000000000000000000e+00
9.538987874984741211e-01
4.903066456317901611e-01
4.298165738582611084e-01
7.956776618957519531e-01
0.000000000000000000e+00
1.550937414169311523e+00
1.413085818290710449e+00
0.000000000000000000e+00
4.406832456588745117e-01
6.662844419479370117e-01
0.000000000000000000e+00
0.000000000000000000e+00
0.000000000000000000e+00
0.000000000000000000e+00
6.107044816017150879e-01
9.827795028686523438e-01
0.000000000000000000e+00
2.197811126708984375e+00
8.889043331146240234e-01
1.127799153327941895e+00
0.000000000000000000e+00
0.000000000000000000e+00
7.832994461059570312e-01
0.000000000000000000e+00
9.235332012176513672e-01
1.335617780685424805e+00
1.081073999404907227e+00
2.473094463348388672e-01
5.050547719001770020e-01
5.739737749099731445e-01
0.000000000000000000e+00
8.608224391937255859e-01
2.390843629837036133e-01
7.124567031860351562e-02
0.000000000000000000e+00
1.701033830642700195e+00
0.000000000000000000e+00
8.366172313690185547e-01
0.000000000000000000e+00
3.679301738739013672e-01
1.374035120010375977e+00
0.000000000000000000e+00
3.761219084262847900e-01
0.000000000000000000e+00
1.713210701942443848e+00
0.000000000000000000e+00
0.000000000000000000e+00
1.109946608543395996e+00
3.345880508422851562e-01
3.779848814010620117e-01
4.970574378967285156e-02
0.000000000000000000e+00
0.000000000000000000e+00
2.314203977584838867e-02
8.317325115203857422e-01
1.368827819824218750e+00
1.126014709472656250e+00
0.000000000000000000e+00
0.000000000000000000e+00
6.020278930664062500e-01
7.733842730522155762e-01
1.232253313064575195e+00
0.000000000000000000e+00
4.551053419709205627e-02
0.000000000000000000e+00
1.201138257980346680e+00
0.000000000000000000e+00
9.269959330558776855e-01
2.286223173141479492e-01
1.045355319976806641e+00
5.910196900367736816e-01
0.000000000000000000e+00
0.000000000000000000e+00
7.817592620849609375e-01
4.571884870529174805e-02
0.000000000000000000e+00
0.000000000000000000e+00
0.000000000000000000e+00
0.000000000000000000e+00
4.279465079307556152e-01
1.015240669250488281e+00
0.000000000000000000e+00
2.771924734115600586e-01
6.293206214904785156e-01
3.977689743041992188e-01
0.000000000000000000e+00
0.000000000000000000e+00
6.246119737625122070e-01
2.967059612274169922e-01
0.000000000000000000e+00
4.771258831024169922e-01
2.055910587310791016e+00
0.000000000000000000e+00
8.542102575302124023e-02
0.000000000000000000e+00
3.794100284576416016e-01
1.462414264678955078e-01
0.000000000000000000e+00
1.581129074096679688e+00
5.246067047119140625e-01
7.264350652694702148e-01
0.000000000000000000e+00
0.000000000000000000e+00
2.204666137695312500e-01
3.214507997035980225e-01
0.000000000000000000e+00
7.662868499755859375e-02
2.946841716766357422e-02
6.277225017547607422e-01
2.033658325672149658e-01
7.145414352416992188e-01
0.000000000000000000e+00
0.000000000000000000e+00
0.000000000000000000e+00
0.000000000000000000e+00
4.781620502471923828e-01
1.528630137443542480e+00
1.056329965591430664e+00
7.642239332199096680e-01
0.000000000000000000e+00
3.708004951477050781e-02
8.549071550369262695e-01
5.456399917602539062e-01
3.652527332305908203e-01
0.000000000000000000e+00
0.000000000000000000e+00
0.000000000000000000e+00
1.086463451385498047e+00
0.000000000000000000e+00
1.161100864410400391e+00
4.227867126464843750e-01
0.000000000000000000e+00
0.000000000000000000e+00
1.864660978317260742e+00
0.000000000000000000e+00
7.945198416709899902e-01
4.327267408370971680e-01
0.000000000000000000e+00
8.181099295616149902e-01
1.128514766693115234e+00
4.171726703643798828e-01
0.000000000000000000e+00
1.008696258068084717e-01
0.000000000000000000e+00
1.053669333457946777e+00
0.000000000000000000e+00
0.000000000000000000e+00
3.177380263805389404e-01
6.530337333679199219e-01
2.757365942001342773e+00
0.000000000000000000e+00
1.411430835723876953e-01
0.000000000000000000e+00
0.000000000000000000e+00
0.000000000000000000e+00
0.000000000000000000e+00
0.000000000000000000e+00
0.000000000000000000e+00
2.874940633773803711e-01
3.258845806121826172e-01
1.771208047866821289e-01
1.238420009613037109e-01
0.000000000000000000e+00
8.375473022460937500e-01
7.727899551391601562e-01
0.000000000000000000e+00
0.000000000000000000e+00
3.157036304473876953e-01
4.810208082199096680e-01
7.402758598327636719e-01
0.000000000000000000e+00
2.609565258026123047e-01
0.000000000000000000e+00
2.383754253387451172e-01
1.073295027017593384e-01
0.000000000000000000e+00
0.000000000000000000e+00
3.415290117263793945e-01
0.000000000000000000e+00
2.766228914260864258e-01
0.000000000000000000e+00
6.535923480987548828e-01
8.692518472671508789e-01
1.127818346023559570e+00
0.000000000000000000e+00
1.397204399108886719e-01
1.288146376609802246e+00
2.952066659927368164e-01
1.328820228576660156e+00
6.647634506225585938e-01
0.000000000000000000e+00
0.000000000000000000e+00
3.934577703475952148e-01
9.105259776115417480e-01
4.090559482574462891e-01
0.000000000000000000e+00
5.562147498130798340e-01
2.713802456855773926e-01
3.342375159263610840e-01
9.966869354248046875e-01
1.127985239028930664e+00
7.899116277694702148e-01
5.011162161827087402e-02
6.256690025329589844e-01
1.756810545921325684e+00
0.000000000000000000e+00
2.827036380767822266e-02
9.138910770416259766e-01
2.820772528648376465e-01
0.000000000000000000e+00
0.000000000000000000e+00
0.000000000000000000e+00
1.078626513481140137e-01
5.529844164848327637e-01
7.527315616607666016e-01
3.740168213844299316e-01
1.366188406944274902e+00
0.000000000000000000e+00
0.000000000000000000e+00
3.395949602127075195e-01
4.114024639129638672e-01
3.136221468448638916e-01
0.000000000000000000e+00
3.324460983276367188e-01
0.000000000000000000e+00
3.233452737331390381e-01
0.000000000000000000e+00
0.000000000000000000e+00
1.135390758514404297e+00
0.000000000000000000e+00
5.250541865825653076e-02
0.000000000000000000e+00
1.408894062042236328e-01
0.000000000000000000e+00
0.000000000000000000e+00
5.767583847045898438e-03
3.075784444808959961e-02
2.044655680656433105e-01
2.600196003913879395e-01
1.690228432416915894e-01
9.615035057067871094e-01
0.000000000000000000e+00
0.000000000000000000e+00
7.002172470092773438e-01
4.435758590698242188e-01
0.000000000000000000e+00
3.708815574645996094e-02
0.000000000000000000e+00
2.375843524932861328e-01
0.000000000000000000e+00
1.020485401153564453e+00
0.000000000000000000e+00
0.000000000000000000e+00
3.134806156158447266e-01
0.000000000000000000e+00
6.863182783126831055e-01
0.000000000000000000e+00
1.445164680480957031e-01
6.926193237304687500e-01
0.000000000000000000e+00
1.208029508590698242e+00
6.604865789413452148e-01
2.544335126876831055e-01
5.074948072433471680e-01
6.894544363021850586e-01
5.109131336212158203e-01
1.849156767129898071e-01
0.000000000000000000e+00
0.000000000000000000e+00
0.000000000000000000e+00
8.663176298141479492e-01
2.406689822673797607e-01
1.972817182540893555e-01
3.160344362258911133e-01
1.592750251293182373e-01
3.522137999534606934e-01
9.253714680671691895e-01
2.569805085659027100e-01
0.000000000000000000e+00
1.132619380950927734e+00
9.446268081665039062e-01
4.094197750091552734e-01
0.000000000000000000e+00
5.999698638916015625e-01
1.974232196807861328e-01
0.000000000000000000e+00
4.194526374340057373e-01
0.000000000000000000e+00
0.000000000000000000e+00
0.000000000000000000e+00
0.000000000000000000e+00
0.000000000000000000e+00
3.245743513107299805e-01
9.821180105209350586e-01
1.169868350028991699e+00
8.084734678268432617e-01
9.726955890655517578e-01
7.326222658157348633e-01
9.795380234718322754e-01
0.000000000000000000e+00
1.178650379180908203e+00
0.000000000000000000e+00
4.792994260787963867e-01
0.000000000000000000e+00
5.029892921447753906e-02
2.912603020668029785e-01
6.686435937881469727e-01
5.363982915878295898e-02
0.000000000000000000e+00
1.114464521408081055e+00
4.260021448135375977e-01
0.000000000000000000e+00
0.000000000000000000e+00
0.000000000000000000e+00
0.000000000000000000e+00
1.609754562377929688e-01
0.000000000000000000e+00
0.000000000000000000e+00
0.000000000000000000e+00
3.406367301940917969e-01
0.000000000000000000e+00
0.000000000000000000e+00
7.580423355102539062e-02
0.000000000000000000e+00
6.225794553756713867e-01
0.000000000000000000e+00
9.582376480102539062e-01
1.336171627044677734e+00
9.496859312057495117e-01
0.000000000000000000e+00
1.335491240024566650e-01
1.444275975227355957e+00
0.000000000000000000e+00
1.868557929992675781e-02
1.016296625137329102e+00
6.965621709823608398e-01
3.238247632980346680e-01
0.000000000000000000e+00
1.989651918411254883e-01
8.833399415016174316e-02
3.784606456756591797e-01
1.608338713645935059e+00
0.000000000000000000e+00
7.107611298561096191e-01
1.047739982604980469e-01
0.000000000000000000e+00
0.000000000000000000e+00
8.283377885818481445e-01
1.518140912055969238e+00
5.448191165924072266e-01
1.874309778213500977e-01
0.000000000000000000e+00
4.886787533760070801e-01
0.000000000000000000e+00
5.692294836044311523e-01
6.310433149337768555e-01
1.178678631782531738e+00
0.000000000000000000e+00
0.000000000000000000e+00
0.000000000000000000e+00
2.117567062377929688e-01
2.520787715911865234e-01
4.536199569702148438e-01
5.060467720031738281e-01
2.810717523097991943e-01
1.836947798728942871e-01
1.135403990745544434e+00
7.109875679016113281e-01
0.000000000000000000e+00
7.728781700134277344e-01
6.592411994934082031e-01
5.811810493469238281e-01
0.000000000000000000e+00
0.000000000000000000e+00
1.559975147247314453e-01
9.292905330657958984e-01
8.405082225799560547e-01
0.000000000000000000e+00
8.805487304925918579e-02
0.000000000000000000e+00
0.000000000000000000e+00
0.000000000000000000e+00
8.793902397155761719e-01
0.000000000000000000e+00
9.347789287567138672e-01
3.315612077713012695e-01
8.309885859489440918e-01
0.000000000000000000e+00
0.000000000000000000e+00
6.417057514190673828e-01
6.987974643707275391e-01
0.000000000000000000e+00
0.000000000000000000e+00
0.000000000000000000e+00
0.000000000000000000e+00
1.001046970486640930e-03
5.827962160110473633e-01
2.665954828262329102e-02
1.110720038414001465e+00
1.917714357376098633e+00
1.003506302833557129e+00
0.000000000000000000e+00
7.701152563095092773e-01
0.000000000000000000e+00
8.335995674133300781e-02
9.681010246276855469e-02
0.000000000000000000e+00
6.772046089172363281e-01
0.000000000000000000e+00
1.706891655921936035e-01
0.000000000000000000e+00
0.000000000000000000e+00
6.854536533355712891e-01
6.934773921966552734e-01
0.000000000000000000e+00
0.000000000000000000e+00
5.415345430374145508e-01
0.000000000000000000e+00
0.000000000000000000e+00
0.000000000000000000e+00
1.104159116744995117e+00
1.072995662689208984e+00
0.000000000000000000e+00
0.000000000000000000e+00
8.646042943000793457e-01
4.297887086868286133e-01
5.989781618118286133e-01
1.156207084655761719e+00
0.000000000000000000e+00
0.000000000000000000e+00
0.000000000000000000e+00
7.197588682174682617e-01
0.000000000000000000e+00
4.255628585815429688e-01
4.731431603431701660e-01
0.000000000000000000e+00
3.060019016265869141e-01
1.925104260444641113e+00
1.099514007568359375e+00
1.284538626670837402e+00
5.056862831115722656e-01
1.085399150848388672e+00
5.784199833869934082e-01
3.406240940093994141e-01
5.668050050735473633e-01
1.923347711563110352e-01
0.000000000000000000e+00
1.974380016326904297e-02
2.273286581039428711e-01
0.000000000000000000e+00
7.797600626945495605e-01
1.431961059570312500e-01
0.000000000000000000e+00
0.000000000000000000e+00
3.800723254680633545e-01
1.297057032585144043e+00
0.000000000000000000e+00
0.000000000000000000e+00
0.000000000000000000e+00
1.078224062919616699e+00
3.784570693969726562e-01
5.579096078872680664e-02
6.702635288238525391e-01
7.720698118209838867e-01
0.000000000000000000e+00
3.916730880737304688e-01
3.599168658256530762e-01
0.000000000000000000e+00
0.000000000000000000e+00
3.392650485038757324e-01
1.425331354141235352e+00
1.601086556911468506e-01
0.000000000000000000e+00
8.093748092651367188e-01
0.000000000000000000e+00
8.454644680023193359e-01
0.000000000000000000e+00
8.378294706344604492e-01
1.224061250686645508e-01
1.467841863632202148e-02
3.888819813728332520e-01
2.614276409149169922e-01
3.606007099151611328e-01
9.346589446067810059e-02
9.830200672149658203e-01
1.414622426033020020e+00
9.681428074836730957e-01
7.354795932769775391e-01
1.214283227920532227e+00
0.000000000000000000e+00
0.000000000000000000e+00
3.756802678108215332e-01
4.431040287017822266e-01
6.392655372619628906e-01
1.111111640930175781e-01
0.000000000000000000e+00
6.518413424491882324e-01
0.000000000000000000e+00
1.086563467979431152e-01
9.471079111099243164e-01
0.000000000000000000e+00
0.000000000000000000e+00
3.573061227798461914e-01
7.668688893318176270e-01
9.564318656921386719e-01
9.939837455749511719e-02
0.000000000000000000e+00
7.210806012153625488e-01
1.080451831221580505e-01
0.000000000000000000e+00
0.000000000000000000e+00
0.000000000000000000e+00
6.415948867797851562e-01
3.042277395725250244e-01
6.585133075714111328e-01
4.013655185699462891e-01
9.951622486114501953e-01
3.387712836265563965e-01
3.066256046295166016e-01
0.000000000000000000e+00
2.209031134843826294e-01
4.260560274124145508e-01
0.000000000000000000e+00
1.616030454635620117e+00
6.707483530044555664e-01
0.000000000000000000e+00
0.000000000000000000e+00
5.120799541473388672e-01
6.734132766723632812e-04
4.076289236545562744e-01
0.000000000000000000e+00
0.000000000000000000e+00
0.000000000000000000e+00
1.603718996047973633e-01
6.307938098907470703e-01
0.000000000000000000e+00
2.821455001831054688e-01
2.276174426078796387e-01
5.076482295989990234e-01
5.426058769226074219e-01
9.491429328918457031e-01
7.266659736633300781e-01
0.000000000000000000e+00
0.000000000000000000e+00
5.461384057998657227e-01
2.193244695663452148e-01
0.000000000000000000e+00
9.053221940994262695e-01
1.859484910964965820e-01
0.000000000000000000e+00
3.079891800880432129e-01
0.000000000000000000e+00
4.929063022136688232e-01
8.206976652145385742e-01
0.000000000000000000e+00
0.000000000000000000e+00
0.000000000000000000e+00
0.000000000000000000e+00
0.000000000000000000e+00
5.755942463874816895e-01
0.000000000000000000e+00
7.325328588485717773e-01
0.000000000000000000e+00
0.000000000000000000e+00
0.000000000000000000e+00
9.189134836196899414e-02
2.286689281463623047e-01
0.000000000000000000e+00
5.009222030639648438e-02
0.000000000000000000e+00
0.000000000000000000e+00
5.977979898452758789e-01
0.000000000000000000e+00
1.369625031948089600e-01
1.185495138168334961e+00
0.000000000000000000e+00
6.324473023414611816e-01
1.438106536865234375e+00
6.120014786720275879e-01
2.676954865455627441e-01
1.377862453460693359e+00
1.581116795539855957e+00
2.312320470809936523e-01
7.766256928443908691e-01
0.000000000000000000e+00
2.321317195892333984e-01
1.061258316040039062e-01
0.000000000000000000e+00
3.630265891551971436e-01
7.563581466674804688e-01
0.000000000000000000e+00
